11025
0 0
1 0
2 0.015625
3 0.03125
4 0.0625
5 0.109375
6 0.296875
7 0.0625
8 -0.265625
9 -0.375
10 -0.296875
11 -0.421875
12 -0.21875
13 -0.078125
14 0.03125
15 0.125
16 0.265625
17 0.21875
18 0.203125
19 0.234375
20 0.09375
21 -0.03125
22 -0.0625
23 -0.109375
24 -0.265625
25 -0.296875
26 -0.234375
27 -0.25
28 -0.25
29 -0.109375
30 -0.015625
31 0.015625
32 0.140625
33 0.234375
34 0.203125
35 0.171875
36 0.203125
37 0.125
38 -0.03125
39 -0.078125
40 -0.125
41 -0.234375
42 -0.25
43 -0.203125
44 -0.1875
45 -0.15625
46 -0.015625
47 0.046875
48 0.078125
49 0.140625
50 0.21875
51 0.203125
52 0.140625
53 0.140625
54 0.046875
55 -0.046875
56 -0.109375
57 -0.125
58 -0.21875
59 -0.21875
60 -0.140625
61 -0.125
62 -0.09375
63 0
64 0.078125
65 0.078125
66 0.09375
67 0.109375
68 -0.015625
69 -0.171875
70 -0.296875
71 -0.15625
72 0.390625
73 0.375
74 0.46875
75 0.421875
76 0.203125
77 -0.015625
78 -0.203125
79 -0.3125
80 -0.453125
81 -0.390625
82 -0.375
83 -0.296875
84 -0.109375
85 0.078125
86 0.15625
87 0.234375
88 0.390625
89 0.390625
90 0.296875
91 0.265625
92 0.171875
93 0.015625
94 -0.15625
95 -0.1875
96 -0.3125
97 -0.375
98 -0.296875
99 -0.21875
100 -0.15625
101 -0.046875
102 0.171875
103 0.21875
104 0.28125
105 0.34375
106 0.3125
107 0.21875
108 0.125
109 0.046875
110 -0.140625
111 -0.234375
112 -0.265625
113 -0.296875
114 -0.328125
115 -0.25
116 -0.140625
117 -0.078125
118 0.0625
119 0.171875
120 0.234375
121 0.234375
122 0.265625
123 0.234375
124 0.140625
125 0.03125
126 -0.03125
127 -0.15625
128 -0.25
129 -0.265625
130 -0.265625
131 -0.265625
132 -0.203125
133 -0.078125
134 -0.015625
135 0.078125
136 0.171875
137 0.21875
138 0.203125
139 0.1875
140 0.15625
141 0.03125
142 -0.03125
143 -0.109375
144 -0.1875
145 -0.25
146 -0.234375
147 -0.203125
148 -0.171875
149 -0.078125
150 0
151 0.078125
152 0.140625
153 0.21875
154 0.25
155 0.25
156 0.265625
157 0.296875
158 -0.140625
159 -0.40625
160 -0.453125
161 -0.46875
162 -0.5
163 -0.265625
164 -0.09375
165 0.015625
166 0.1875
167 0.296875
168 0.3125
169 0.3125
170 0.359375
171 0.15625
172 0.078125
173 -0.015625
174 -0.09375
175 -0.296875
176 -0.296875
177 -0.296875
178 -0.3125
179 -0.265625
180 -0.125
181 -0.046875
182 0.015625
183 0.171875
184 0.25
185 0.234375
186 0.25
187 0.25
188 0.15625
189 0.015625
190 -0.015625
191 -0.140625
192 -0.25
193 -0.265625
194 -0.25
195 -0.25
196 -0.203125
197 -0.046875
198 0.015625
199 0.09375
200 0.171875
201 0.25
202 0.21875
203 0.1875
204 0.1875
205 0.078125
206 -0.015625
207 -0.078125
208 -0.140625
209 -0.234375
210 -0.25
211 -0.1875
212 -0.171875
213 -0.109375
214 -0.015625
215 0.046875
216 0.0625
217 0.125
218 0.125
219 0
220 -0.125
221 -0.28125
222 -0.015625
223 0.34375
224 0.375
225 0.359375
226 0.359375
227 0.03125
228 -0.0625
229 -0.234375
230 -0.359375
231 -0.4375
232 -0.328125
233 -0.328125
234 -0.265625
235 0
236 0.15625
237 0.203125
238 0.28125
239 0.40625
240 0.359375
241 0.265625
242 0.234375
243 0.09375
244 -0.078125
245 -0.171875
246 -0.21875
247 -0.34375
248 -0.375
249 -0.234375
250 -0.1875
251 -0.109375
252 0.046875
253 0.1875
254 0.234375
255 0.265625
256 0.359375
257 0.3125
258 0.15625
259 0.109375
260 0
261 -0.140625
262 -0.25
263 -0.25
264 -0.3125
265 -0.328125
266 -0.203125
267 -0.109375
268 -0.03125
269 0.0625
270 0.21875
271 0.234375
272 0.25
273 0.28125
274 0.203125
275 0.09375
276 0
277 -0.0625
278 -0.21875
279 -0.265625
280 -0.25
281 -0.265625
282 -0.234375
283 -0.15625
284 -0.03125
285 0.015625
286 0.140625
287 0.203125
288 0.21875
289 0.203125
290 0.1875
291 0.125
292 0
293 -0.0625
294 -0.140625
295 -0.21875
296 -0.25
297 -0.234375
298 -0.1875
299 -0.15625
300 -0.03125
301 0.046875
302 0.109375
303 0.171875
304 0.234375
305 0.234375
306 0.21875
307 0.234375
308 0.234375
309 -0.046875
310 -0.390625
311 -0.46875
312 -0.484375
313 -0.515625
314 -0.28125
315 -0.125
316 0.015625
317 0.1875
318 0.34375
319 0.328125
320 0.34375
321 0.375
322 0.1875
323 0.0625
324 -0.03125
325 -0.125
326 -0.328125
327 -0.34375
328 -0.328125
329 -0.34375
330 -0.296875
331 -0.140625
332 -0.03125
333 0.03125
334 0.1875
335 0.28125
336 0.265625
337 0.265625
338 0.265625
339 0.171875
340 0
341 -0.046875
342 -0.171875
343 -0.28125
344 -0.3125
345 -0.265625
346 -0.265625
347 -0.21875
348 -0.046875
349 0.046875
350 0.109375
351 0.203125
352 0.28125
353 0.25
354 0.203125
355 0.1875
356 0.0625
357 -0.046875
358 -0.109375
359 -0.171875
360 -0.265625
361 -0.265625
362 -0.203125
363 -0.171875
364 -0.109375
365 -0.015625
366 0.0625
367 0.09375
368 0.140625
369 0.140625
370 0
371 -0.140625
372 -0.203125
373 0.15625
374 0.328125
375 0.359375
376 0.328125
377 0.265625
378 -0.046875
379 -0.15625
380 -0.265625
381 -0.40625
382 -0.4375
383 -0.28125
384 -0.28125
385 -0.1875
386 0
387 0.1875
388 0.1875
389 0.296875
390 0.375
391 0.28125
392 0.203125
393 0.171875
394 0.078125
395 -0.15625
396 -0.1875
397 -0.234375
398 -0.3125
399 -0.3125
400 -0.203125
401 -0.125
402 -0.078125
403 0.109375
404 0.21875
405 0.234375
406 0.265625
407 0.328125
408 0.234375
409 0.09375
410 0.046875
411 -0.078125
412 -0.203125
413 -0.25
414 -0.25
415 -0.296875
416 -0.28125
417 -0.125
418 -0.0625
419 0.015625
420 0.125
421 0.234375
422 0.21875
423 0.234375
424 0.234375
425 0.125
426 0.03125
427 -0.046875
428 -0.125
429 -0.25
430 -0.265625
431 -0.234375
432 -0.234375
433 -0.171875
434 -0.078125
435 0.03125
436 0.0625
437 0.171875
438 0.203125
439 0.171875
440 0.15625
441 0.140625
442 0.0625
443 -0.0625
444 -0.09375
445 -0.171875
446 -0.21875
447 -0.21875
448 -0.1875
449 -0.140625
450 -0.09375
451 0.015625
452 0.078125
453 0.140625
454 0.1875
455 0.21875
456 0.203125
457 0.171875
458 0.1875
459 0.171875
460 0
461 -0.34375
462 -0.46875
463 -0.484375
464 -0.484375
465 -0.296875
466 -0.140625
467 0.046875
468 0.1875
469 0.359375
470 0.359375
471 0.375
472 0.375
473 0.203125
474 0.0625
475 -0.046875
476 -0.140625
477 -0.328125
478 -0.359375
479 -0.34375
480 -0.34375
481 -0.28125
482 -0.15625
483 -0.015625
484 0.046875
485 0.203125
486 0.296875
487 0.28125
488 0.28125
489 0.265625
490 0.171875
491 0
492 -0.0625
493 -0.1875
494 -0.296875
495 -0.328125
496 -0.296875
497 -0.265625
498 -0.203125
499 -0.03125
500 0.0625
501 0.140625
502 0.21875
503 0.296875
504 0.265625
505 0.21875
506 0.1875
507 0.0625
508 -0.046875
509 -0.140625
510 -0.1875
511 -0.25
512 -0.28125
513 -0.234375
514 -0.1875
515 -0.140625
516 -0.015625
517 0.0625
518 0.109375
519 0.140625
520 0.140625
521 0.0625
522 -0.125
523 -0.1875
524 0.1875
525 0.28125
526 0.328125
527 0.28125
528 0.1875
529 -0.015625
530 -0.1875
531 -0.234375
532 -0.390625
533 -0.390625
534 -0.25
535 -0.21875
536 -0.109375
537 0.0625
538 0.203125
539 0.203125
540 0.28125
541 0.34375
542 0.21875
543 0.15625
544 0.109375
545 0.015625
546 -0.171875
547 -0.203125
548 -0.234375
549 -0.28125
550 -0.265625
551 -0.15625
552 -0.078125
553 -0.03125
554 0.140625
555 0.21875
556 0.21875
557 0.25
558 0.265625
559 0.1875
560 0.046875
561 0
562 -0.125
563 -0.21875
564 -0.25
565 -0.25
566 -0.265625
567 -0.21875
568 -0.078125
569 -0.015625
570 0.0625
571 0.140625
572 0.21875
573 0.203125
574 0.1875
575 0.171875
576 0.0625
577 -0.015625
578 -0.09375
579 -0.15625
580 -0.25
581 -0.25
582 -0.203125
583 -0.1875
584 -0.109375
585 -0.015625
586 0.0625
587 0.09375
588 0.171875
589 0.1875
590 0.140625
591 0.125
592 0.078125
593 0
594 -0.09375
595 -0.125
596 -0.1875
597 -0.203125
598 -0.1875
599 -0.140625
600 -0.09375
601 -0.046875
602 0.0625
603 0.09375
604 0.140625
605 0.171875
606 0.171875
607 0.15625
608 0.125
609 0.109375
610 0.125
611 0.015625
612 -0.28125
613 -0.421875
614 -0.46875
615 -0.453125
616 -0.296875
617 -0.15625
618 0.046875
619 0.1875
620 0.359375
621 0.375
622 0.375
623 0.359375
624 0.21875
625 0.078125
626 -0.0625
627 -0.15625
628 -0.3125
629 -0.359375
630 -0.34375
631 -0.328125
632 -0.265625
633 -0.15625
634 0
635 0.078125
636 0.21875
637 0.296875
638 0.296875
639 0.28125
640 0.265625
641 0.15625
642 0.046875
643 -0.09375
644 -0.15625
645 -0.296875
646 -0.328125
647 -0.296875
648 -0.265625
649 -0.1875
650 -0.078125
651 0.0625
652 0.140625
653 0.234375
654 0.28125
655 0.265625
656 0.234375
657 0.171875
658 0.09375
659 -0.046875
660 -0.125
661 -0.203125
662 -0.25
663 -0.28125
664 -0.234375
665 -0.171875
666 -0.109375
667 0
668 0.078125
669 0.125
670 0.15625
671 0.140625
672 0.0625
673 -0.109375
674 -0.15625
675 0.15625
676 0.265625
677 0.296875
678 0.25
679 0.15625
680 -0.03125
681 -0.171875
682 -0.25
683 -0.359375
684 -0.359375
685 -0.21875
686 -0.1875
687 -0.078125
688 0.078125
689 0.203125
690 0.203125
691 0.28125
692 0.3125
693 0.203125
694 0.140625
695 0.078125
696 0
697 -0.1875
698 -0.203125
699 -0.234375
700 -0.265625
701 -0.234375
702 -0.140625
703 -0.0625
704 0
705 0.15625
706 0.21875
707 0.21875
708 0.234375
709 0.234375
710 0.15625
711 0.015625
712 -0.015625
713 -0.140625
714 -0.21875
715 -0.25
716 -0.234375
717 -0.234375
718 -0.1875
719 -0.0625
720 0
721 0.078125
722 0.15625
723 0.203125
724 0.1875
725 0.171875
726 0.15625
727 0.03125
728 -0.046875
729 -0.109375
730 -0.171875
731 -0.25
732 -0.234375
733 -0.1875
734 -0.171875
735 -0.078125
736 0
737 0.078125
738 0.109375
739 0.171875
740 0.1875
741 0.125
742 0.109375
743 0.046875
744 -0.015625
745 -0.109375
746 -0.140625
747 -0.1875
748 -0.203125
749 -0.171875
750 -0.125
751 -0.078125
752 -0.015625
753 0.0625
754 0.109375
755 0.140625
756 0.171875
757 0.15625
758 0.125
759 0.09375
760 0.078125
761 0.078125
762 0.046875
763 -0.21875
764 -0.359375
765 -0.4375
766 -0.421875
767 -0.3125
768 -0.1875
769 -0.046875
770 0.140625
771 0.265625
772 0.34375
773 0.359375
774 0.34375
775 0.296875
776 0.109375
777 0
778 -0.140625
779 -0.234375
780 -0.34375
781 -0.34375
782 -0.328125
783 -0.296875
784 -0.171875
785 -0.0625
786 0.0625
787 0.140625
788 0.265625
789 0.296875
790 0.28125
791 0.25
792 0.171875
793 0.0625
794 -0.078125
795 -0.15625
796 -0.265625
797 -0.328125
798 -0.296875
799 -0.265625
800 -0.1875
801 -0.09375
802 0.046875
803 0.125
804 0.21875
805 0.265625
806 0.265625
807 0.234375
808 0.171875
809 0.109375
810 -0.03125
811 -0.109375
812 -0.1875
813 -0.234375
814 -0.265625
815 -0.234375
816 -0.171875
817 -0.109375
818 -0.015625
819 0.0625
820 0.125
821 0.140625
822 0.140625
823 0.078125
824 -0.078125
825 -0.140625
826 0.125
827 0.265625
828 0.28125
829 0.25
830 0.15625
831 -0.015625
832 -0.171875
833 -0.25
834 -0.34375
835 -0.359375
836 -0.234375
837 -0.1875
838 -0.0625
839 0.078125
840 0.21875
841 0.234375
842 0.28125
843 0.3125
844 0.203125
845 0.125
846 0.0625
847 -0.015625
848 -0.1875
849 -0.21875
850 -0.234375
851 -0.265625
852 -0.234375
853 -0.140625
854 -0.046875
855 0.015625
856 0.15625
857 0.234375
858 0.234375
859 0.234375
860 0.234375
861 0.140625
862 0.015625
863 -0.03125
864 -0.15625
865 -0.234375
866 -0.25
867 -0.234375
868 -0.234375
869 -0.171875
870 -0.046875
871 0.015625
872 0.09375
873 0.171875
874 0.21875
875 0.203125
876 0.171875
877 0.140625
878 0.03125
879 -0.046875
880 -0.125
881 -0.1875
882 -0.25
883 -0.234375
884 -0.1875
885 -0.15625
886 -0.0625
887 0.015625
888 0.09375
889 0.125
890 0.171875
891 0.1875
892 0.125
893 0.09375
894 0.03125
895 -0.03125
896 -0.125
897 -0.15625
898 -0.1875
899 -0.203125
900 -0.1875
901 -0.125
902 -0.09375
903 -0.015625
904 0.046875
905 0.125
906 0.140625
907 0.171875
908 0.171875
909 0.125
910 0.078125
911 0.046875
912 0.03125
913 0.0625
914 -0.03125
915 -0.296875
916 -0.390625
917 -0.390625
918 -0.375
919 -0.21875
920 -0.078125
921 0.109375
922 0.21875
923 0.34375
924 0.34375
925 0.328125
926 0.296875
927 0.140625
928 0.015625
929 -0.125
930 -0.203125
931 -0.328125
932 -0.34375
933 -0.3125
934 -0.28125
935 -0.1875
936 -0.078125
937 0.046875
938 0.125
939 0.234375
940 0.296875
941 0.28125
942 0.25
943 0.171875
944 0.09375
945 -0.0625
946 -0.140625
947 -0.234375
948 -0.296875
949 -0.3125
950 -0.265625
951 -0.1875
952 -0.109375
953 0.03125
954 0.109375
955 0.1875
956 0.25
957 0.265625
958 0.234375
959 0.15625
960 0.109375
961 -0.015625
962 -0.09375
963 -0.1875
964 -0.21875
965 -0.265625
966 -0.25
967 -0.171875
968 -0.125
969 -0.03125
970 0.046875
971 0.125
972 0.140625
973 0.125
974 0.078125
975 -0.0625
976 -0.125
977 0.078125
978 0.265625
979 0.28125
980 0.265625
981 0.171875
982 0.015625
983 -0.15625
984 -0.234375
985 -0.328125
986 -0.359375
987 -0.234375
988 -0.203125
989 -0.078125
990 0.046875
991 0.203125
992 0.21875
993 0.265625
994 0.3125
995 0.234375
996 0.15625
997 0.078125
998 0
999 -0.15625
1000 -0.203125
1001 -0.234375
1002 -0.265625
1003 -0.25
1004 -0.15625
1005 -0.0625
1006 0
1007 0.140625
1008 0.21875
1009 0.234375
1010 0.234375
1011 0.234375
1012 0.171875
1013 0.03125
1014 -0.015625
1015 -0.140625
1016 -0.21875
1017 -0.25
1018 -0.234375
1019 -0.234375
1020 -0.1875
1021 -0.0625
1022 0
1023 0.078125
1024 0.15625
1025 0.21875
1026 0.203125
1027 0.1875
1028 0.15625
1029 0.09375
1030 -0.03125
1031 -0.09375
1032 -0.171875
1033 -0.21875
1034 -0.234375
1035 -0.203125
1036 -0.171875
1037 -0.109375
1038 0
1039 0.0625
1040 0.109375
1041 0.15625
1042 0.1875
1043 0.15625
1044 0.109375
1045 0.078125
1046 -0.015625
1047 -0.078125
1048 -0.140625
1049 -0.171875
1050 -0.21875
1051 -0.203125
1052 -0.140625
1053 -0.109375
1054 -0.03125
1055 0.046875
1056 0.109375
1057 0.140625
1058 0.171875
1059 0.171875
1060 0.125
1061 0.09375
1062 0.046875
1063 0.015625
1064 0.015625
1065 0.015625
1066 -0.21875
1067 -0.328125
1068 -0.375
1069 -0.359375
1070 -0.265625
1071 -0.140625
1072 0.0625
1073 0.15625
1074 0.3125
1075 0.34375
1076 0.328125
1077 0.296875
1078 0.203125
1079 0.0625
1080 -0.09375
1081 -0.171875
1082 -0.28125
1083 -0.34375
1084 -0.328125
1085 -0.296875
1086 -0.21875
1087 -0.140625
1088 0.015625
1089 0.09375
1090 0.1875
1091 0.265625
1092 0.28125
1093 0.25
1094 0.1875
1095 0.125
1096 -0.03125
1097 -0.109375
1098 -0.203125
1099 -0.265625
1100 -0.3125
1101 -0.28125
1102 -0.203125
1103 -0.140625
1104 -0.015625
1105 0.078125
1106 0.171875
1107 0.21875
1108 0.25
1109 0.25
1110 0.171875
1111 0.125
1112 0.015625
1113 -0.0625
1114 -0.15625
1115 -0.203125
1116 -0.25
1117 -0.25
1118 -0.203125
1119 -0.140625
1120 -0.0625
1121 0
1122 0.09375
1123 0.125
1124 0.125
1125 0.09375
1126 -0.03125
1127 -0.109375
1128 0.046875
1129 0.265625
1130 0.296875
1131 0.28125
1132 0.203125
1133 0.078125
1134 -0.125
1135 -0.21875
1136 -0.3125
1137 -0.375
1138 -0.28125
1139 -0.234375
1140 -0.125
1141 -0.015625
1142 0.171875
1143 0.21875
1144 0.28125
1145 0.3125
1146 0.265625
1147 0.1875
1148 0.109375
1149 0.046875
1150 -0.125
1151 -0.203125
1152 -0.234375
1153 -0.28125
1154 -0.28125
1155 -0.203125
1156 -0.109375
1157 -0.03125
1158 0.0625
1159 0.203125
1160 0.234375
1161 0.25
1162 0.265625
1163 0.203125
1164 0.109375
1165 0.015625
1166 -0.0625
1167 -0.1875
1168 -0.25
1169 -0.25
1170 -0.265625
1171 -0.21875
1172 -0.15625
1173 -0.03125
1174 0.015625
1175 0.125
1176 0.1875
1177 0.21875
1178 0.203125
1179 0.1875
1180 0.125
1181 0
1182 -0.0625
1183 -0.15625
1184 -0.21875
1185 -0.25
1186 -0.234375
1187 -0.203125
1188 -0.15625
1189 -0.03125
1190 0.03125
1191 0.09375
1192 0.15625
1193 0.203125
1194 0.1875
1195 0.140625
1196 0.109375
1197 0.015625
1198 -0.0625
1199 -0.125
1200 -0.171875
1201 -0.21875
1202 -0.21875
1203 -0.171875
1204 -0.140625
1205 -0.0625
1206 0.015625
1207 0.09375
1208 0.125
1209 0.171875
1210 0.171875
1211 0.140625
1212 0.109375
1213 0.0625
1214 0.03125
1215 0
1216 0.03125
1217 -0.140625
1218 -0.28125
1219 -0.359375
1220 -0.359375
1221 -0.328125
1222 -0.203125
1223 0
1224 0.09375
1225 0.25
1226 0.328125
1227 0.328125
1228 0.3125
1229 0.234375
1230 0.140625
1231 -0.046875
1232 -0.125
1233 -0.234375
1234 -0.3125
1235 -0.328125
1236 -0.296875
1237 -0.25
1238 -0.1875
1239 -0.03125
1240 0.046875
1241 0.15625
1242 0.21875
1243 0.28125
1244 0.25
1245 0.203125
1246 0.15625
1247 0.015625
1248 -0.078125
1249 -0.171875
1250 -0.234375
1251 -0.296875
1252 -0.296875
1253 -0.21875
1254 -0.171875
1255 -0.0625
1256 0.03125
1257 0.125
1258 0.171875
1259 0.234375
1260 0.25
1261 0.203125
1262 0.140625
1263 0.0625
1264 -0.015625
1265 -0.125
1266 -0.171875
1267 -0.234375
1268 -0.25
1269 -0.203125
1270 -0.15625
1271 -0.09375
1272 -0.03125
1273 0.0625
1274 0.09375
1275 0.109375
1276 0.109375
1277 0
1278 -0.09375
1279 0
1280 0.234375
1281 0.296875
1282 0.28125
1283 0.234375
1284 0.125
1285 -0.046875
1286 -0.203125
1287 -0.265625
1288 -0.359375
1289 -0.34375
1290 -0.25
1291 -0.1875
1292 -0.046875
1293 0.09375
1294 0.203125
1295 0.234375
1296 0.3125
1297 0.3125
1298 0.21875
1299 0.15625
1300 0.0625
1301 -0.03125
1302 -0.1875
1303 -0.21875
1304 -0.265625
1305 -0.296875
1306 -0.21875
1307 -0.140625
1308 -0.0625
1309 0.03125
1310 0.171875
1311 0.21875
1312 0.234375
1313 0.265625
1314 0.21875
1315 0.140625
1316 0.03125
1317 -0.03125
1318 -0.171875
1319 -0.234375
1320 -0.25
1321 -0.265625
1322 -0.25
1323 -0.171875
1324 -0.0625
1325 0
1326 0.109375
1327 0.171875
1328 0.203125
1329 0.203125
1330 0.203125
1331 0.15625
1332 0.03125
1333 -0.03125
1334 -0.125
1335 -0.203125
1336 -0.25
1337 -0.234375
1338 -0.203125
1339 -0.171875
1340 -0.0625
1341 0.015625
1342 0.078125
1343 0.125
1344 0.1875
1345 0.1875
1346 0.15625
1347 0.125
1348 0.046875
1349 -0.03125
1350 -0.109375
1351 -0.15625
1352 -0.203125
1353 -0.21875
1354 -0.171875
1355 -0.140625
1356 -0.078125
1357 0
1358 0.078125
1359 0.125
1360 0.15625
1361 0.171875
1362 0.15625
1363 0.125
1364 0.078125
1365 0.046875
1366 0
1367 0.03125
1368 -0.03125
1369 -0.21875
1370 -0.359375
1371 -0.375
1372 -0.375
1373 -0.28125
1374 -0.078125
1375 0.046875
1376 0.203125
1377 0.3125
1378 0.34375
1379 0.34375
1380 0.296875
1381 0.21875
1382 0.015625
1383 -0.078125
1384 -0.1875
1385 -0.28125
1386 -0.34375
1387 -0.328125
1388 -0.28125
1389 -0.234375
1390 -0.09375
1391 0.015625
1392 0.125
1393 0.203125
1394 0.296875
1395 0.296875
1396 0.234375
1397 0.203125
1398 0.09375
1399 -0.015625
1400 -0.140625
1401 -0.203125
1402 -0.296875
1403 -0.3125
1404 -0.265625
1405 -0.21875
1406 -0.125
1407 -0.03125
1408 0.109375
1409 0.15625
1410 0.234375
1411 0.265625
1412 0.234375
1413 0.1875
1414 0.140625
1415 0.03125
1416 -0.0625
1417 -0.15625
1418 -0.203125
1419 -0.25
1420 -0.265625
1421 -0.203125
1422 -0.15625
1423 -0.078125
1424 0
1425 0.09375
1426 0.109375
1427 0.125
1428 0.109375
1429 -0.015625
1430 -0.0625
1431 0.15625
1432 0.25
1433 0.234375
1434 0.203125
1435 0.109375
1436 -0.03125
1437 -0.1875
1438 -0.234375
1439 -0.328125
1440 -0.328125
1441 -0.21875
1442 -0.171875
1443 -0.046875
1444 0.078125
1445 0.203125
1446 0.234375
1447 0.28125
1448 0.296875
1449 0.203125
1450 0.140625
1451 0.046875
1452 -0.03125
1453 -0.171875
1454 -0.21875
1455 -0.25
1456 -0.265625
1457 -0.21875
1458 -0.125
1459 -0.03125
1460 0.03125
1461 0.15625
1462 0.21875
1463 0.21875
1464 0.234375
1465 0.203125
1466 0.125
1467 0.015625
1468 -0.03125
1469 -0.15625
1470 -0.21875
1471 -0.234375
1472 -0.234375
1473 -0.21875
1474 -0.15625
1475 -0.03125
1476 0.015625
1477 0.109375
1478 0.171875
1479 0.203125
1480 0.1875
1481 0.171875
1482 0.125
1483 0.015625
1484 -0.0625
1485 -0.140625
1486 -0.1875
1487 -0.25
1488 -0.234375
1489 -0.1875
1490 -0.140625
1491 -0.046875
1492 0.03125
1493 0.09375
1494 0.125
1495 0.171875
1496 0.171875
1497 0.125
1498 0.09375
1499 0.015625
1500 -0.046875
1501 -0.125
1502 -0.15625
1503 -0.203125
1504 -0.203125
1505 -0.15625
1506 -0.125
1507 -0.046875
1508 0.015625
1509 0.09375
1510 0.140625
1511 0.15625
1512 0.15625
1513 0.125
1514 0.09375
1515 0.046875
1516 0.015625
1517 -0.015625
1518 0.015625
1519 0.078125
1520 -0.109375
1521 -0.328125
1522 -0.390625
1523 -0.375
1524 -0.359375
1525 -0.15625
1526 -0.015625
1527 0.140625
1528 0.296875
1529 0.375
1530 0.375
1531 0.34375
1532 0.296875
1533 0.0625
1534 -0.046875
1535 -0.1875
1536 -0.265625
1537 -0.375
1538 -0.359375
1539 -0.3125
1540 -0.265625
1541 -0.140625
1542 0
1543 0.078125
1544 0.1875
1545 0.265625
1546 0.328125
1547 0.28125
1548 0.21875
1549 0.171875
1550 -0.015625
1551 -0.109375
1552 -0.203125
1553 -0.265625
1554 -0.34375
1555 -0.3125
1556 -0.21875
1557 -0.171875
1558 -0.03125
1559 0.078125
1560 0.1875
1561 0.21875
1562 0.28125
1563 0.28125
1564 0.203125
1565 0.140625
1566 0.03125
1567 -0.0625
1568 -0.1875
1569 -0.21875
1570 -0.265625
1571 -0.28125
1572 -0.203125
1573 -0.140625
1574 -0.0625
1575 0.015625
1576 0.125
1577 0.15625
1578 0.171875
1579 0.140625
1580 0.046875
1581 -0.046875
1582 0.046875
1583 0.171875
1584 0.15625
1585 0.109375
1586 0.0625
1587 -0.046875
1588 -0.171875
1589 -0.203125
1590 -0.25
1591 -0.25
1592 -0.140625
1593 -0.078125
1594 0.015625
1595 0.109375
1596 0.21875
1597 0.21875
1598 0.203125
1599 0.203125
1600 0.125
1601 0.03125
1602 -0.03125
1603 -0.078125
1604 -0.171875
1605 -0.203125
1606 -0.1875
1607 -0.171875
1608 -0.125
1609 -0.046875
1610 0.046875
1611 0.09375
1612 0.15625
1613 0.1875
1614 0.15625
1615 0.140625
1616 0.109375
1617 0.046875
1618 -0.078125
1619 -0.109375
1620 -0.171875
1621 -0.203125
1622 -0.1875
1623 -0.140625
1624 -0.09375
1625 -0.046875
1626 0.046875
1627 0.09375
1628 0.109375
1629 0.140625
1630 0.140625
1631 0.109375
1632 0.046875
1633 0.015625
1634 -0.078125
1635 -0.125
1636 -0.15625
1637 -0.171875
1638 -0.1875
1639 -0.140625
1640 -0.078125
1641 -0.03125
1642 0.046875
1643 0.09375
1644 0.125
1645 0.125
1646 0.125
1647 0.09375
1648 0.015625
1649 -0.03125
1650 -0.078125
1651 -0.109375
1652 -0.15625
1653 -0.140625
1654 -0.125
1655 -0.109375
1656 -0.046875
1657 0
1658 0.046875
1659 0.078125
1660 0.109375
1661 0.109375
1662 0.09375
1663 0.0625
1664 0.015625
1665 -0.015625
1666 -0.046875
1667 -0.046875
1668 -0.015625
1669 0.03125
1670 0.171875
1671 0.078125
1672 -0.140625
1673 -0.3125
1674 -0.359375
1675 -0.390625
1676 -0.296875
1677 -0.078125
1678 0.046875
1679 0.21875
1680 0.34375
1681 0.34375
1682 0.328125
1683 0.265625
1684 0.171875
1685 -0.046875
1686 -0.140625
1687 -0.234375
1688 -0.328125
1689 -0.34375
1690 -0.296875
1691 -0.234375
1692 -0.1875
1693 0
1694 0.09375
1695 0.171875
1696 0.234375
1697 0.296875
1698 0.25
1699 0.15625
1700 0.109375
1701 -0.03125
1702 -0.140625
1703 -0.21875
1704 -0.25
1705 -0.3125
1706 -0.28125
1707 -0.171875
1708 -0.109375
1709 0.015625
1710 0.125
1711 0.203125
1712 0.234375
1713 0.25
1714 0.234375
1715 0.125
1716 0.0625
1717 -0.046875
1718 -0.125
1719 -0.21875
1720 -0.234375
1721 -0.21875
1722 -0.21875
1723 -0.125
1724 -0.046875
1725 0.046875
1726 0.09375
1727 0.171875
1728 0.1875
1729 0.140625
1730 0.109375
1731 0.015625
1732 -0.078125
1733 -0.078125
1734 0.046875
1735 0.046875
1736 0.03125
1737 0.015625
1738 -0.015625
1739 -0.09375
1740 -0.109375
1741 -0.078125
1742 -0.09375
1743 -0.03125
1744 0
1745 0.046875
1746 0.0625
1747 0.125
1748 0.109375
1749 0.0625
1750 0.0625
1751 0.015625
1752 -0.03125
1753 -0.0625
1754 -0.0625
1755 -0.09375
1756 -0.09375
1757 -0.0625
1758 -0.046875
1759 -0.03125
1760 0.015625
1761 0.0625
1762 0.0625
1763 0.078125
1764 0.078125
1765 0.046875
1766 0.015625
1767 0
1768 -0.015625
1769 -0.078125
1770 -0.078125
1771 -0.078125
1772 -0.078125
1773 -0.0625
1774 -0.03125
1775 0
1776 0
1777 0.046875
1778 0.0625
1779 0.03125
1780 0.03125
1781 0.03125
1782 0
1783 -0.03125
1784 -0.046875
1785 -0.0625
1786 -0.09375
1787 -0.078125
1788 -0.0625
1789 -0.0625
1790 -0.03125
1791 0
1792 0.03125
1793 0.03125
1794 0.046875
1795 0.03125
1796 0.015625
1797 -0.015625
1798 -0.015625
1799 -0.046875
1800 -0.0625
1801 -0.078125
1802 -0.0625
1803 -0.0625
1804 -0.046875
1805 -0.015625
1806 0
1807 0
1808 0.03125
1809 0.03125
1810 0.015625
1811 0.015625
1812 0
1813 -0.015625
1814 -0.03125
1815 -0.03125
1816 -0.03125
1817 -0.015625
1818 0.015625
1819 0.046875
1820 0.109375
1821 0.1875
1822 0.21875
1823 0.015625
1824 -0.28125
1825 -0.359375
1826 -0.4375
1827 -0.421875
1828 -0.203125
1829 -0.046875
1830 0.15625
1831 0.296875
1832 0.375
1833 0.359375
1834 0.3125
1835 0.21875
1836 0
1837 -0.109375
1838 -0.25
1839 -0.328125
1840 -0.375
1841 -0.34375
1842 -0.25
1843 -0.171875
1844 0
1845 0.109375
1846 0.203125
1847 0.25
1848 0.296875
1849 0.25
1850 0.140625
1851 0.0625
1852 -0.078125
1853 -0.1875
1854 -0.28125
1855 -0.296875
1856 -0.296875
1857 -0.25
1858 -0.109375
1859 -0.015625
1860 0.109375
1861 0.1875
1862 0.265625
1863 0.25
1864 0.21875
1865 0.171875
1866 0.03125
1867 -0.0625
1868 -0.15625
1869 -0.203125
1870 -0.265625
1871 -0.234375
1872 -0.15625
1873 -0.109375
1874 0
1875 0.09375
1876 0.171875
1877 0.1875
1878 0.203125
1879 0.171875
1880 0.078125
1881 0.015625
1882 -0.078125
1883 -0.125
1884 -0.140625
1885 -0.109375
1886 -0.078125
1887 -0.0625
1888 -0.015625
1889 0.03125
1890 0.0625
1891 0.078125
1892 0.109375
1893 0.09375
1894 0.078125
1895 0.046875
1896 0
1897 -0.03125
1898 -0.0625
1899 -0.078125
1900 -0.09375
1901 -0.078125
1902 -0.046875
1903 -0.015625
1904 0.03125
1905 0.0625
1906 0.09375
1907 0.078125
1908 0.0625
1909 0.046875
1910 0
1911 -0.03125
1912 -0.0625
1913 -0.078125
1914 -0.09375
1915 -0.078125
1916 -0.0625
1917 -0.03125
1918 0.015625
1919 0.046875
1920 0.0625
1921 0.078125
1922 0.0625
1923 0.03125
1924 0
1925 -0.03125
1926 -0.0625
1927 -0.09375
1928 -0.09375
1929 -0.09375
1930 -0.078125
1931 -0.046875
1932 -0.015625
1933 0.03125
1934 0.046875
1935 0.078125
1936 0.0625
1937 0.03125
1938 0
1939 -0.03125
1940 -0.0625
1941 -0.09375
1942 -0.109375
1943 -0.09375
1944 -0.078125
1945 -0.03125
1946 0
1947 0.03125
1948 0.046875
1949 0.0625
1950 0.0625
1951 0.03125
1952 0.015625
1953 -0.015625
1954 -0.046875
1955 -0.078125
1956 -0.078125
1957 -0.078125
1958 -0.0625
1959 -0.03125
1960 -0.015625
1961 0.015625
1962 0.03125
1963 0.0625
1964 0.0625
1965 0.046875
1966 0.03125
1967 0
1968 0
1969 0
1970 0.015625
1971 0.0625
1972 0.140625
1973 0.28125
1974 0.140625
1975 -0.25
1976 -0.40625
1977 -0.515625
1978 -0.53125
1979 -0.3125
1980 -0.09375
1981 0.1875
1982 0.375
1983 0.484375
1984 0.46875
1985 0.359375
1986 0.21875
1987 -0.078125
1988 -0.234375
1989 -0.40625
1990 -0.484375
1991 -0.46875
1992 -0.375
1993 -0.1875
1994 -0.03125
1995 0.1875
1996 0.296875
1997 0.375
1998 0.375
1999 0.25
2000 0.125
2001 -0.046875
2002 -0.1875
2003 -0.34375
2004 -0.375
2005 -0.34375
2006 -0.296875
2007 -0.109375
2008 0.015625
2009 0.171875
2010 0.265625
2011 0.328125
2012 0.296875
2013 0.203125
2014 0.109375
2015 -0.0625
2016 -0.171875
2017 -0.265625
2018 -0.296875
2019 -0.265625
2020 -0.1875
2021 -0.03125
2022 0.0625
2023 0.1875
2024 0.25
2025 0.265625
2026 0.21875
2027 0.125
2028 0.03125
2029 -0.09375
2030 -0.171875
2031 -0.234375
2032 -0.21875
2033 -0.125
2034 -0.046875
2035 0.0625
2036 0.078125
2037 0.078125
2038 0.109375
2039 0.125
2040 0.125
2041 0.09375
2042 0.046875
2043 -0.015625
2044 -0.0625
2045 -0.125
2046 -0.140625
2047 -0.109375
2048 -0.09375
2049 -0.03125
2050 0.03125
2051 0.09375
2052 0.109375
2053 0.140625
2054 0.109375
2055 0.046875
2056 0
2057 -0.078125
2058 -0.125
2059 -0.15625
2060 -0.140625
2061 -0.125
2062 -0.0625
2063 0
2064 0.0625
2065 0.09375
2066 0.109375
2067 0.09375
2068 0.046875
2069 0
2070 -0.0625
2071 -0.09375
2072 -0.125
2073 -0.125
2074 -0.09375
2075 -0.0625
2076 0
2077 0.03125
2078 0.078125
2079 0.078125
2080 0.0625
2081 0.046875
2082 -0.015625
2083 -0.046875
2084 -0.09375
2085 -0.09375
2086 -0.09375
2087 -0.078125
2088 -0.03125
2089 0
2090 0.03125
2091 0.046875
2092 0.0625
2093 0.046875
2094 0.015625
2095 -0.015625
2096 -0.046875
2097 -0.0625
2098 -0.078125
2099 -0.0625
2100 -0.046875
2101 -0.015625
2102 0.03125
2103 0.046875
2104 0.0625
2105 0.046875
2106 0.03125
2107 0
2108 -0.046875
2109 -0.0625
2110 -0.078125
2111 -0.078125
2112 -0.046875
2113 -0.015625
2114 0.03125
2115 0.0625
2116 0.078125
2117 0.0625
2118 0.046875
2119 0.03125
2120 0.015625
2121 0.015625
2122 0.015625
2123 0.09375
2124 0.25
2125 0.25
2126 -0.171875
2127 -0.390625
2128 -0.546875
2129 -0.5625
2130 -0.375
2131 -0.109375
2132 0.265625
2133 0.453125
2134 0.59375
2135 0.515625
2136 0.296875
2137 0.109375
2138 -0.28125
2139 -0.484375
2140 -0.578125
2141 -0.5625
2142 -0.375
2143 -0.15625
2144 0.171875
2145 0.328125
2146 0.46875
2147 0.46875
2148 0.265625
2149 0.109375
2150 -0.15625
2151 -0.328125
2152 -0.453125
2153 -0.4375
2154 -0.3125
2155 -0.15625
2156 0.125
2157 0.25
2158 0.359375
2159 0.375
2160 0.265625
2161 0.109375
2162 -0.09375
2163 -0.21875
2164 -0.34375
2165 -0.34375
2166 -0.21875
2167 -0.109375
2168 0.09375
2169 0.21875
2170 0.3125
2171 0.296875
2172 0.21875
2173 0.109375
2174 -0.078125
2175 -0.1875
2176 -0.28125
2177 -0.296875
2178 -0.203125
2179 -0.09375
2180 0.0625
2181 0.171875
2182 0.265625
2183 0.265625
2184 0.203125
2185 0.109375
2186 -0.046875
2187 -0.140625
2188 -0.21875
2189 -0.28125
2190 -0.25
2191 -0.125
2192 0
2193 0.15625
2194 0.234375
2195 0.28125
2196 0.234375
2197 0.09375
2198 -0.03125
2199 -0.171875
2200 -0.25
2201 -0.265625
2202 -0.203125
2203 -0.0625
2204 0.046875
2205 0.1875
2206 0.234375
2207 0.21875
2208 0.15625
2209 0
2210 -0.109375
2211 -0.234375
2212 -0.265625
2213 -0.21875
2214 -0.140625
2215 0.015625
2216 0.109375
2217 0.203125
2218 0.203125
2219 0.140625
2220 0.046875
2221 -0.078125
2222 -0.15625
2223 -0.21875
2224 -0.203125
2225 -0.125
2226 -0.046875
2227 0.078125
2228 0.140625
2229 0.15625
2230 0.140625
2231 0.046875
2232 -0.046875
2233 -0.140625
2234 -0.171875
2235 -0.171875
2236 -0.125
2237 -0.015625
2238 0.046875
2239 0.125
2240 0.125
2241 0.09375
2242 0.03125
2243 -0.0625
2244 -0.125
2245 -0.15625
2246 -0.140625
2247 -0.078125
2248 0
2249 0.078125
2250 0.125
2251 0.125
2252 0.09375
2253 0.015625
2254 -0.046875
2255 -0.109375
2256 -0.140625
2257 -0.109375
2258 -0.078125
2259 0.015625
2260 0.0625
2261 0.109375
2262 0.109375
2263 0.0625
2264 0.015625
2265 -0.078125
2266 -0.109375
2267 -0.125
2268 -0.09375
2269 0
2270 0.046875
2271 0.109375
2272 0.140625
2273 0.140625
2274 0.125
2275 0.15625
2276 0.1875
2277 -0.09375
2278 -0.375
2279 -0.53125
2280 -0.546875
2281 -0.328125
2282 -0.046875
2283 0.40625
2284 0.578125
2285 0.609375
2286 0.453125
2287 0.015625
2288 -0.265625
2289 -0.59375
2290 -0.671875
2291 -0.53125
2292 -0.28125
2293 0.140625
2294 0.375
2295 0.5625
2296 0.515625
2297 0.234375
2298 -0.03125
2299 -0.390625
2300 -0.53125
2301 -0.53125
2302 -0.390625
2303 -0.046875
2304 0.1875
2305 0.421875
2306 0.46875
2307 0.3125
2308 0.125
2309 -0.1875
2310 -0.34375
2311 -0.4375
2312 -0.375
2313 -0.125
2314 0.0625
2315 0.296875
2316 0.390625
2317 0.375
2318 0.21875
2319 0.046875
2320 -0.203125
2321 -0.3125
2322 -0.328125
2323 -0.25
2324 -0.015625
2325 0.125
2326 0.28125
2327 0.3125
2328 0.203125
2329 0.078125
2330 -0.125
2331 -0.21875
2332 -0.25
2333 -0.203125
2334 -0.046875
2335 0.078125
2336 0.21875
2337 0.21875
2338 0.140625
2339 0.078125
2340 -0.046875
2341 -0.125
2342 -0.1875
2343 -0.15625
2344 -0.0625
2345 0.015625
2346 0.140625
2347 0.171875
2348 0.15625
2349 0.09375
2350 -0.03125
2351 -0.109375
2352 -0.171875
2353 -0.15625
2354 -0.078125
2355 0
2356 0.109375
2357 0.15625
2358 0.140625
2359 0.078125
2360 -0.03125
2361 -0.109375
2362 -0.171875
2363 -0.171875
2364 -0.09375
2365 -0.015625
2366 0.078125
2367 0.125
2368 0.109375
2369 0.0625
2370 -0.03125
2371 -0.09375
2372 -0.125
2373 -0.109375
2374 -0.0625
2375 0
2376 0.046875
2377 0.0625
2378 0.046875
2379 0
2380 -0.0625
2381 -0.09375
2382 -0.09375
2383 -0.078125
2384 -0.015625
2385 0.03125
2386 0.0625
2387 0.0625
2388 0.015625
2389 -0.015625
2390 -0.078125
2391 -0.09375
2392 -0.09375
2393 -0.0625
2394 -0.015625
2395 0.015625
2396 0.046875
2397 0.046875
2398 0.015625
2399 -0.015625
2400 -0.046875
2401 -0.046875
2402 -0.046875
2403 -0.03125
2404 0
2405 0.015625
2406 0.015625
2407 0.015625
2408 0
2409 -0.015625
2410 -0.03125
2411 -0.03125
2412 -0.015625
2413 -0.015625
2414 0.015625
2415 0.015625
2416 0
2417 0
2418 -0.015625
2419 -0.015625
2420 -0.015625
2421 0
2422 0.015625
2423 0.03125
2424 0.03125
2425 0.046875
2426 0.078125
2427 0.125
2428 0.09375
2429 -0.140625
2430 -0.34375
2431 -0.359375
2432 -0.203125
2433 -0.015625
2434 0.34375
2435 0.453125
2436 0.3125
2437 0.140625
2438 -0.1875
2439 -0.390625
2440 -0.46875
2441 -0.34375
2442 -0.046875
2443 0.140625
2444 0.34375
2445 0.359375
2446 0.25
2447 -0.046875
2448 -0.234375
2449 -0.359375
2450 -0.34375
2451 -0.15625
2452 0.03125
2453 0.25
2454 0.28125
2455 0.171875
2456 0.03125
2457 -0.171875
2458 -0.265625
2459 -0.265625
2460 -0.15625
2461 0.046875
2462 0.15625
2463 0.21875
2464 0.1875
2465 0.03125
2466 -0.09375
2467 -0.203125
2468 -0.203125
2469 -0.109375
2470 -0.015625
2471 0.125
2472 0.171875
2473 0.140625
2474 0.0625
2475 -0.0625
2476 -0.125
2477 -0.140625
2478 -0.109375
2479 0
2480 0.0625
2481 0.109375
2482 0.109375
2483 0.03125
2484 -0.015625
2485 -0.09375
2486 -0.09375
2487 -0.0625
2488 -0.015625
2489 0.046875
2490 0.09375
2491 0.15625
2492 0.09375
2493 -0.015625
2494 -0.078125
2495 -0.125
2496 -0.109375
2497 -0.015625
2498 0.0625
2499 0.125
2500 0.125
2501 0.046875
2502 0
2503 -0.078125
2504 -0.09375
2505 -0.046875
2506 0.015625
2507 0.078125
2508 0.078125
2509 0.0625
2510 0.03125
2511 -0.046875
2512 -0.09375
2513 -0.09375
2514 -0.046875
2515 0
2516 0.03125
2517 0.078125
2518 0.0625
2519 0
2520 -0.03125
2521 -0.0625
2522 -0.078125
2523 -0.046875
2524 -0.015625
2525 0.015625
2526 0.03125
2527 0.015625
2528 -0.015625
2529 -0.046875
2530 -0.046875
2531 -0.046875
2532 -0.03125
2533 0
2534 0.015625
2535 0
2536 -0.015625
2537 -0.03125
2538 -0.046875
2539 -0.046875
2540 -0.03125
2541 -0.015625
2542 0
2543 0
2544 -0.015625
2545 -0.03125
2546 -0.03125
2547 -0.03125
2548 -0.03125
2549 -0.015625
2550 0
2551 0
2552 0
2553 -0.015625
2554 -0.03125
2555 -0.03125
2556 -0.03125
2557 -0.03125
2558 -0.015625
2559 0
2560 0
2561 0
2562 -0.015625
2563 -0.03125
2564 -0.03125
2565 -0.03125
2566 -0.015625
2567 0
2568 0
2569 0
2570 0
2571 -0.015625
2572 -0.015625
2573 -0.015625
2574 0
2575 0
2576 0.015625
2577 0.03125
2578 0.0625
2579 0.09375
2580 0
2581 -0.15625
2582 -0.234375
2583 -0.171875
2584 -0.015625
2585 0.078125
2586 0.265625
2587 0.234375
2588 0.015625
2589 -0.15625
2590 -0.25
2591 -0.21875
2592 -0.09375
2593 0.015625
2594 0.15625
2595 0.171875
2596 0.046875
2597 -0.0625
2598 -0.15625
2599 -0.140625
2600 -0.0625
2601 -0.015625
2602 0.0625
2603 0.0625
2604 0.015625
2605 -0.046875
2606 -0.09375
2607 -0.078125
2608 -0.015625
2609 0.015625
2610 0.03125
2611 0.015625
2612 -0.03125
2613 -0.0625
2614 -0.078125
2615 -0.046875
2616 0.015625
2617 0.046875
2618 0.046875
2619 0.03125
2620 -0.03125
2621 -0.0625
2622 -0.0625
2623 -0.046875
2624 0.015625
2625 0.046875
2626 0.046875
2627 0.03125
2628 -0.03125
2629 -0.046875
2630 -0.0625
2631 -0.046875
2632 0
2633 0.015625
2634 0.03125
2635 0.015625
2636 -0.03125
2637 -0.0625
2638 -0.078125
2639 -0.0625
2640 0.03125
2641 0.15625
2642 0.1875
2643 0.09375
2644 -0.078125
2645 -0.140625
2646 -0.171875
2647 -0.109375
2648 0.078125
2649 0.1875
2650 0.1875
2651 0.078125
2652 -0.078125
2653 -0.109375
2654 -0.09375
2655 -0.03125
2656 0.09375
2657 0.140625
2658 0.109375
2659 0.015625
2660 -0.09375
2661 -0.125
2662 -0.0625
2663 0
2664 0.078125
2665 0.109375
2666 0.0625
2667 0
2668 -0.09375
2669 -0.09375
2670 -0.046875
2671 0
2672 0.0625
2673 0.0625
2674 0.015625
2675 -0.03125
2676 -0.078125
2677 -0.078125
2678 -0.03125
2679 0.015625
2680 0.03125
2681 0.03125
2682 -0.015625
2683 -0.046875
2684 -0.0625
2685 -0.0625
2686 -0.015625
2687 0.015625
2688 0.015625
2689 0
2690 -0.03125
2691 -0.046875
2692 -0.046875
2693 -0.03125
2694 -0.015625
2695 0
2696 0
2697 -0.015625
2698 -0.03125
2699 -0.046875
2700 -0.03125
2701 -0.015625
2702 0
2703 0
2704 0
2705 -0.015625
2706 -0.03125
2707 -0.03125
2708 -0.03125
2709 -0.015625
2710 0
2711 0
2712 -0.015625
2713 -0.03125
2714 -0.046875
2715 -0.03125
2716 -0.015625
2717 0
2718 0.015625
2719 0.015625
2720 0
2721 -0.015625
2722 -0.03125
2723 -0.03125
2724 -0.015625
2725 0
2726 0.015625
2727 0.015625
2728 0.015625
2729 0.03125
2730 0.0625
2731 0.0625
2732 -0.046875
2733 -0.1875
2734 -0.15625
2735 -0.03125
2736 0.046875
2737 0.15625
2738 0.1875
2739 0.03125
2740 -0.109375
2741 -0.234375
2742 -0.1875
2743 -0.03125
2744 0.0625
2745 0.125
2746 0.109375
2747 0
2748 -0.09375
2749 -0.15625
2750 -0.125
2751 -0.015625
2752 0.0625
2753 0.09375
2754 0.0625
2755 -0.03125
2756 -0.078125
2757 -0.109375
2758 -0.078125
2759 0
2760 0.046875
2761 0.046875
2762 0.015625
2763 -0.046875
2764 -0.0625
2765 -0.0625
2766 -0.03125
2767 0.015625
2768 0.046875
2769 0.03125
2770 0
2771 -0.046875
2772 -0.046875
2773 -0.03125
2774 0
2775 0.03125
2776 0.03125
2777 0.015625
2778 -0.015625
2779 -0.046875
2780 -0.046875
2781 -0.03125
2782 0
2783 0.015625
2784 0.015625
2785 -0.015625
2786 -0.046875
2787 -0.0625
2788 -0.0625
2789 -0.046875
2790 -0.046875
2791 0.015625
2792 0.125
2793 0.171875
2794 0.0625
2795 -0.125
2796 -0.171875
2797 -0.140625
2798 -0.078125
2799 0.125
2800 0.21875
2801 0.15625
2802 0.03125
2803 -0.125
2804 -0.140625
2805 -0.0625
2806 0.015625
2807 0.125
2808 0.140625
2809 0.0625
2810 -0.03125
2811 -0.109375
2812 -0.09375
2813 0
2814 0.046875
2815 0.09375
2816 0.0625
2817 -0.015625
2818 -0.0625
2819 -0.078125
2820 -0.046875
2821 0.03125
2822 0.078125
2823 0.046875
2824 0.015625
2825 -0.046875
2826 -0.0625
2827 -0.046875
2828 -0.015625
2829 0.03125
2830 0.046875
2831 0.015625
2832 -0.03125
2833 -0.046875
2834 -0.046875
2835 -0.03125
2836 0
2837 0.015625
2838 0.015625
2839 -0.015625
2840 -0.046875
2841 -0.046875
2842 -0.03125
2843 -0.015625
2844 0.015625
2845 0
2846 -0.015625
2847 -0.03125
2848 -0.046875
2849 -0.046875
2850 -0.015625
2851 0
2852 0
2853 0
2854 -0.03125
2855 -0.046875
2856 -0.046875
2857 -0.03125
2858 0
2859 0
2860 0
2861 -0.015625
2862 -0.03125
2863 -0.046875
2864 -0.03125
2865 -0.03125
2866 0
2867 0
2868 0
2869 -0.015625
2870 -0.03125
2871 -0.03125
2872 -0.03125
2873 -0.015625
2874 0
2875 0
2876 0
2877 0
2878 0
2879 0
2880 0.015625
2881 0.03125
2882 0.0625
2883 0.015625
2884 -0.140625
2885 -0.171875
2886 -0.078125
2887 0.015625
2888 0.125
2889 0.171875
2890 0.078125
2891 -0.046875
2892 -0.203125
2893 -0.203125
2894 -0.078125
2895 0.03125
2896 0.125
2897 0.125
2898 0.015625
2899 -0.078125
2900 -0.15625
2901 -0.125
2902 -0.015625
2903 0.046875
2904 0.09375
2905 0.0625
2906 -0.03125
2907 -0.078125
2908 -0.09375
2909 -0.0625
2910 0.015625
2911 0.0625
2912 0.046875
2913 0
2914 -0.0625
2915 -0.078125
2916 -0.0625
2917 -0.015625
2918 0.03125
2919 0.046875
2920 0.015625
2921 -0.015625
2922 -0.046875
2923 -0.046875
2924 -0.015625
2925 0.015625
2926 0.03125
2927 0.015625
2928 -0.015625
2929 -0.03125
2930 -0.046875
2931 -0.03125
2932 0
2933 0.015625
2934 0
2935 -0.015625
2936 -0.046875
2937 -0.046875
2938 -0.046875
2939 -0.046875
2940 -0.03125
2941 -0.03125
2942 0.015625
2943 0.09375
2944 0.171875
2945 0.09375
2946 -0.109375
2947 -0.171875
2948 -0.171875
2949 -0.09375
2950 0.125
2951 0.21875
2952 0.171875
2953 0.046875
2954 -0.125
2955 -0.140625
2956 -0.078125
2957 0.015625
2958 0.140625
2959 0.140625
2960 0.046875
2961 -0.0625
2962 -0.109375
2963 -0.09375
2964 -0.03125
2965 0.0625
2966 0.109375
2967 0.078125
2968 0
2969 -0.078125
2970 -0.09375
2971 -0.03125
2972 0.015625
2973 0.0625
2974 0.0625
2975 0
2976 -0.046875
2977 -0.078125
2978 -0.046875
2979 0.015625
2980 0.03125
2981 0.03125
2982 0.015625
2983 -0.046875
2984 -0.0625
2985 -0.046875
2986 -0.015625
2987 0.015625
2988 0.03125
2989 0
2990 -0.03125
2991 -0.0625
2992 -0.046875
2993 -0.015625
2994 0
2995 0.015625
2996 0
2997 -0.03125
2998 -0.046875
2999 -0.046875
3000 -0.03125
3001 0
3002 0.015625
3003 0
3004 -0.015625
3005 -0.03125
3006 -0.046875
3007 -0.03125
3008 -0.015625
3009 0
3010 0
3011 -0.015625
3012 -0.015625
3013 -0.03125
3014 -0.03125
3015 -0.03125
3016 -0.015625
3017 0
3018 0
3019 -0.015625
3020 -0.015625
3021 -0.03125
3022 -0.015625
3023 -0.015625
3024 0
3025 0
3026 0
3027 -0.015625
3028 -0.015625
3029 0
3030 0
3031 0.015625
3032 0.015625
3033 0.046875
3034 0.046875
3035 -0.0625
3036 -0.15625
3037 -0.140625
3038 -0.0625
3039 0.078125
3040 0.15625
3041 0.140625
3042 0.03125
3043 -0.125
3044 -0.1875
3045 -0.125
3046 -0.03125
3047 0.09375
3048 0.140625
3049 0.078125
3050 0
3051 -0.125
3052 -0.125
3053 -0.0625
3054 0
3055 0.09375
3056 0.09375
3057 0.015625
3058 -0.03125
3059 -0.09375
3060 -0.078125
3061 -0.015625
3062 0.03125
3063 0.0625
3064 0.046875
3065 -0.015625
3066 -0.046875
3067 -0.0625
3068 -0.03125
3069 0.015625
3070 0.046875
3071 0.046875
3072 0.015625
3073 -0.015625
3074 -0.046875
3075 -0.03125
3076 0
3077 0.03125
3078 0.03125
3079 0.015625
3080 0
3081 -0.03125
3082 -0.03125
3083 -0.015625
3084 0
3085 0.015625
3086 0.015625
3087 0
3088 -0.015625
3089 -0.03125
3090 -0.046875
3091 -0.03125
3092 -0.03125
3093 0
3094 0.09375
3095 0.203125
3096 0.15625
3097 0.015625
3098 -0.1875
3099 -0.234375
3100 -0.140625
3101 0
3102 0.234375
3103 0.265625
3104 0.125
3105 0
3106 -0.171875
3107 -0.203125
3108 -0.0625
3109 0.0625
3110 0.1875
3111 0.171875
3112 0.03125
3113 -0.0625
3114 -0.140625
3115 -0.109375
3116 0.015625
3117 0.09375
3118 0.125
3119 0.078125
3120 -0.015625
3121 -0.078125
3122 -0.09375
3123 -0.046875
3124 0.046875
3125 0.09375
3126 0.0625
3127 0.015625
3128 -0.046875
3129 -0.078125
3130 -0.046875
3131 0
3132 0.046875
3133 0.0625
3134 0.015625
3135 -0.015625
3136 -0.0625
3137 -0.0625
3138 -0.015625
3139 0
3140 0.046875
3141 0.03125
3142 0
3143 -0.03125
3144 -0.046875
3145 -0.046875
3146 0
3147 0
3148 0.015625
3149 0
3150 -0.015625
3151 -0.03125
3152 -0.03125
3153 -0.015625
3154 0
3155 0
3156 0
3157 0
3158 -0.03125
3159 -0.03125
3160 -0.03125
3161 -0.015625
3162 0
3163 0
3164 0
3165 0
3166 -0.03125
3167 -0.03125
3168 -0.015625
3169 0
3170 0
3171 0
3172 0
3173 0
3174 -0.015625
3175 -0.015625
3176 0
3177 0
3178 0
3179 0
3180 0
3181 0
3182 0
3183 0
3184 0.015625
3185 0.03125
3186 0.015625
3187 -0.046875
3188 -0.109375
3189 -0.09375
3190 0
3191 0.0625
3192 0.140625
3193 0.109375
3194 0
3195 -0.078125
3196 -0.140625
3197 -0.125
3198 -0.015625
3199 0.046875
3200 0.109375
3201 0.09375
3202 0
3203 -0.046875
3204 -0.109375
3205 -0.09375
3206 -0.015625
3207 0.03125
3208 0.078125
3209 0.078125
3210 0
3211 -0.03125
3212 -0.078125
3213 -0.0625
3214 -0.015625
3215 0.015625
3216 0.0625
3217 0.046875
3218 0
3219 -0.015625
3220 -0.046875
3221 -0.046875
3222 -0.03125
3223 0.015625
3224 0.03125
3225 0.046875
3226 0.015625
3227 0
3228 -0.03125
3229 -0.03125
3230 -0.015625
3231 0
3232 0.015625
3233 0.015625
3234 0.015625
3235 -0.015625
3236 -0.03125
3237 -0.03125
3238 -0.03125
3239 -0.015625
3240 0
3241 -0.015625
3242 -0.03125
3243 -0.0625
3244 -0.046875
3245 0.046875
3246 0.1875
3247 0.203125
3248 0.125
3249 -0.125
3250 -0.25
3251 -0.28125
3252 -0.15625
3253 0.125
3254 0.25
3255 0.296875
3256 0.1875
3257 -0.0625
3258 -0.1875
3259 -0.234375
3260 -0.15625
3261 0.046875
3262 0.171875
3263 0.234375
3264 0.171875
3265 0
3266 -0.125
3267 -0.1875
3268 -0.140625
3269 0.015625
3270 0.125
3271 0.171875
3272 0.15625
3273 0.015625
3274 -0.078125
3275 -0.140625
3276 -0.125
3277 0
3278 0.0625
3279 0.140625
3280 0.125
3281 0.015625
3282 -0.046875
3283 -0.125
3284 -0.109375
3285 -0.03125
3286 0.03125
3287 0.09375
3288 0.09375
3289 0.015625
3290 -0.03125
3291 -0.09375
3292 -0.09375
3293 -0.046875
3294 0
3295 0.0625
3296 0.078125
3297 0.03125
3298 -0.015625
3299 -0.078125
3300 -0.09375
3301 -0.0625
3302 -0.015625
3303 0.03125
3304 0.046875
3305 0.03125
3306 0
3307 -0.046875
3308 -0.0625
3309 -0.046875
3310 -0.015625
3311 0.015625
3312 0.03125
3313 0.03125
3314 0
3315 -0.03125
3316 -0.046875
3317 -0.046875
3318 -0.03125
3319 0
3320 0.015625
3321 0.03125
3322 0.015625
3323 0
3324 -0.015625
3325 -0.03125
3326 -0.03125
3327 0
3328 0
3329 0.03125
3330 0.015625
3331 0
3332 0
3333 -0.015625
3334 -0.015625
3335 0
3336 0
3337 0.015625
3338 0.015625
3339 0
3340 -0.03125
3341 -0.03125
3342 -0.015625
3343 0.015625
3344 0.03125
3345 0.046875
3346 0.03125
3347 -0.015625
3348 -0.03125
3349 -0.046875
3350 -0.046875
3351 -0.015625
3352 0.015625
3353 0.03125
3354 0.03125
3355 0.015625
3356 -0.015625
3357 -0.03125
3358 -0.03125
3359 -0.03125
3360 0
3361 0.015625
3362 0.015625
3363 0.015625
3364 0
3365 0
3366 -0.015625
3367 -0.015625
3368 -0.015625
3369 0
3370 0.015625
3371 0.015625
3372 0.015625
3373 0
3374 0
3375 -0.015625
3376 -0.015625
3377 0
3378 0
3379 0
3380 0
3381 0
3382 0
3383 0
3384 -0.015625
3385 -0.015625
3386 -0.015625
3387 -0.015625
3388 0
3389 -0.015625
3390 -0.015625
3391 -0.03125
3392 -0.046875
3393 -0.0625
3394 -0.078125
3395 -0.0625
3396 0.046875
3397 0.203125
3398 0.28125
3399 0.234375
3400 0
3401 -0.171875
3402 -0.34375
3403 -0.328125
3404 -0.125
3405 0.046875
3406 0.3125
3407 0.375
3408 0.28125
3409 0.125
3410 -0.125
3411 -0.265625
3412 -0.265625
3413 -0.1875
3414 0.015625
3415 0.15625
3416 0.28125
3417 0.265625
3418 0.09375
3419 -0.015625
3420 -0.171875
3421 -0.21875
3422 -0.140625
3423 -0.046875
3424 0.09375
3425 0.171875
3426 0.171875
3427 0.109375
3428 0
3429 -0.078125
3430 -0.140625
3431 -0.125
3432 -0.046875
3433 0.015625
3434 0.09375
3435 0.109375
3436 0.078125
3437 0.03125
3438 -0.046875
3439 -0.078125
3440 -0.09375
3441 -0.078125
3442 0
3443 0.015625
3444 0.0625
3445 0.0625
3446 0.03125
3447 0
3448 -0.046875
3449 -0.0625
3450 -0.0625
3451 -0.046875
3452 0
3453 0.015625
3454 0.03125
3455 0.03125
3456 0.015625
3457 0
3458 -0.03125
3459 -0.046875
3460 -0.046875
3461 -0.03125
3462 0
3463 0
3464 0.03125
3465 0.015625
3466 0
3467 0
3468 -0.03125
3469 -0.046875
3470 -0.03125
3471 -0.015625
3472 0
3473 0.015625
3474 0.015625
3475 0.015625
3476 0
3477 0
3478 -0.015625
3479 -0.03125
3480 -0.015625
3481 0
3482 0
3483 0.015625
3484 0.015625
3485 0
3486 0
3487 0
3488 -0.015625
3489 -0.015625
3490 -0.015625
3491 0
3492 0.015625
3493 0.015625
3494 0.015625
3495 0
3496 0
3497 -0.03125
3498 -0.03125
3499 -0.03125
3500 -0.015625
3501 0
3502 0.015625
3503 0.03125
3504 0.03125
3505 0.015625
3506 0
3507 -0.015625
3508 -0.03125
3509 -0.03125
3510 -0.015625
3511 0
3512 0.015625
3513 0.03125
3514 0.03125
3515 0.015625
3516 0
3517 -0.015625
3518 -0.03125
3519 -0.03125
3520 -0.015625
3521 0
3522 0.015625
3523 0.015625
3524 0.015625
3525 0
3526 0
3527 0
3528 -0.015625
3529 -0.015625
3530 -0.015625
3531 0
3532 0
3533 0
3534 0
3535 0
3536 0
3537 0
3538 -0.015625
3539 -0.03125
3540 -0.046875
3541 -0.046875
3542 -0.046875
3543 -0.046875
3544 -0.0625
3545 -0.0625
3546 -0.0625
3547 0.03125
3548 0.1875
3549 0.34375
3550 0.34375
3551 0.171875
3552 0
3553 -0.28125
3554 -0.390625
3555 -0.40625
3556 -0.296875
3557 0
3558 0.203125
3559 0.40625
3560 0.46875
3561 0.34375
3562 0.1875
3563 -0.09375
3564 -0.265625
3565 -0.40625
3566 -0.375
3567 -0.1875
3568 -0.015625
3569 0.234375
3570 0.34375
3571 0.375
3572 0.296875
3573 0.09375
3574 -0.046875
3575 -0.265625
3576 -0.3125
3577 -0.28125
3578 -0.1875
3579 0
3580 0.140625
3581 0.265625
3582 0.296875
3583 0.203125
3584 0.09375
3585 -0.078125
3586 -0.1875
3587 -0.28125
3588 -0.265625
3589 -0.15625
3590 -0.046875
3591 0.109375
3592 0.1875
3593 0.21875
3594 0.1875
3595 0.0625
3596 -0.03125
3597 -0.171875
3598 -0.203125
3599 -0.203125
3600 -0.171875
3601 -0.046875
3602 0.03125
3603 0.125
3604 0.171875
3605 0.15625
3606 0.09375
3607 0.015625
3608 -0.078125
3609 -0.15625
3610 -0.171875
3611 -0.171875
3612 -0.078125
3613 -0.015625
3614 0.0625
3615 0.109375
3616 0.140625
3617 0.109375
3618 0.03125
3619 -0.03125
3620 -0.109375
3621 -0.140625
3622 -0.140625
3623 -0.109375
3624 -0.03125
3625 0.015625
3626 0.078125
3627 0.09375
3628 0.078125
3629 0.0625
3630 0
3631 -0.046875
3632 -0.078125
3633 -0.09375
3634 -0.078125
3635 -0.046875
3636 -0.015625
3637 0.015625
3638 0.046875
3639 0.046875
3640 0
3641 -0.015625
3642 0.015625
3643 0.046875
3644 0.046875
3645 0.046875
3646 0
3647 -0.015625
3648 -0.0625
3649 -0.078125
3650 -0.078125
3651 -0.046875
3652 -0.015625
3653 0.015625
3654 0.0625
3655 0.078125
3656 0.078125
3657 0.0625
3658 0.015625
3659 -0.03125
3660 -0.0625
3661 -0.078125
3662 -0.078125
3663 -0.046875
3664 0
3665 0.015625
3666 0.046875
3667 0.0625
3668 0.046875
3669 0.046875
3670 0
3671 -0.015625
3672 -0.03125
3673 -0.046875
3674 -0.03125
3675 -0.03125
3676 -0.015625
3677 0
3678 0.03125
3679 0.03125
3680 0.046875
3681 0.03125
3682 0
3683 0
3684 -0.03125
3685 -0.03125
3686 -0.03125
3687 -0.03125
3688 -0.03125
3689 -0.015625
3690 0
3691 0
3692 -0.015625
3693 -0.015625
3694 -0.046875
3695 -0.0625
3696 -0.09375
3697 -0.09375
3698 0
3699 0.140625
3700 0.3125
3701 0.34375
3702 0.28125
3703 0.15625
3704 -0.0625
3705 -0.234375
3706 -0.359375
3707 -0.375
3708 -0.265625
3709 -0.140625
3710 0.078125
3711 0.25
3712 0.375
3713 0.390625
3714 0.3125
3715 0.203125
3716 0
3717 -0.140625
3718 -0.28125
3719 -0.3125
3720 -0.28125
3721 -0.1875
3722 -0.015625
3723 0.09375
3724 0.25
3725 0.296875
3726 0.28125
3727 0.234375
3728 0.09375
3729 -0.015625
3730 -0.171875
3731 -0.234375
3732 -0.28125
3733 -0.234375
3734 -0.125
3735 -0.03125
3736 0.046875
3737 0.1875
3738 0.234375
3739 0.21875
3740 0.171875
3741 0.046875
3742 -0.03125
3743 -0.15625
3744 -0.21875
3745 -0.234375
3746 -0.21875
3747 -0.109375
3748 -0.03125
3749 0.078125
3750 0.140625
3751 0.1875
3752 0.1875
3753 0.125
3754 0.046875
3755 -0.046875
3756 -0.125
3757 -0.1875
3758 -0.203125
3759 -0.15625
3760 -0.109375
3761 0
3762 0.046875
3763 0.140625
3764 0.15625
3765 0.140625
3766 0.109375
3767 0.03125
3768 -0.03125
3769 -0.109375
3770 -0.140625
3771 -0.15625
3772 -0.125
3773 -0.0625
3774 -0.015625
3775 0.046875
3776 0.09375
3777 0.140625
3778 0.125
3779 0.078125
3780 0.046875
3781 -0.03125
3782 -0.0625
3783 -0.109375
3784 -0.109375
3785 -0.09375
3786 -0.0625
3787 -0.015625
3788 0.015625
3789 0.046875
3790 0.0625
3791 0.046875
3792 0.03125
3793 0
3794 0.015625
3795 0.03125
3796 0.015625
3797 0
3798 0
3799 -0.03125
3800 -0.046875
3801 -0.0625
3802 -0.0625
3803 -0.03125
3804 -0.015625
3805 0.03125
3806 0.046875
3807 0.0625
3808 0.0625
3809 0.046875
3810 0.03125
3811 0
3812 -0.015625
3813 -0.03125
3814 -0.046875
3815 -0.046875
3816 -0.03125
3817 -0.03125
3818 0
3819 0.015625
3820 0.03125
3821 0.046875
3822 0.046875
3823 0.046875
3824 0.03125
3825 0
3826 0
3827 -0.03125
3828 -0.03125
3829 -0.046875
3830 -0.046875
3831 -0.03125
3832 -0.015625
3833 0
3834 0.015625
3835 0.03125
3836 0.046875
3837 0.03125
3838 0.015625
3839 0
3840 -0.015625
3841 -0.046875
3842 -0.0625
3843 -0.078125
3844 -0.09375
3845 -0.09375
3846 -0.078125
3847 -0.0625
3848 -0.03125
3849 0
3850 0.109375
3851 0.28125
3852 0.296875
3853 0.28125
3854 0.203125
3855 0.015625
3856 -0.109375
3857 -0.265625
3858 -0.34375
3859 -0.34375
3860 -0.265625
3861 -0.109375
3862 0
3863 0.1875
3864 0.28125
3865 0.328125
3866 0.328125
3867 0.28125
3868 0.15625
3869 0.03125
3870 -0.09375
3871 -0.1875
3872 -0.265625
3873 -0.265625
3874 -0.21875
3875 -0.140625
3876 0
3877 0.078125
3878 0.203125
3879 0.265625
3880 0.265625
3881 0.25
3882 0.140625
3883 0.046875
3884 -0.0625
3885 -0.15625
3886 -0.234375
3887 -0.25
3888 -0.21875
3889 -0.171875
3890 -0.03125
3891 0.03125
3892 0.140625
3893 0.1875
3894 0.21875
3895 0.203125
3896 0.125
3897 0.046875
3898 -0.046875
3899 -0.125
3900 -0.1875
3901 -0.203125
3902 -0.1875
3903 -0.15625
3904 -0.0625
3905 0
3906 0.09375
3907 0.140625
3908 0.171875
3909 0.171875
3910 0.109375
3911 0.0625
3912 -0.015625
3913 -0.078125
3914 -0.15625
3915 -0.171875
3916 -0.171875
3917 -0.15625
3918 -0.078125
3919 -0.015625
3920 0.046875
3921 0.109375
3922 0.140625
3923 0.140625
3924 0.109375
3925 0.078125
3926 0
3927 -0.03125
3928 -0.09375
3929 -0.140625
3930 -0.15625
3931 -0.140625
3932 -0.09375
3933 -0.046875
3934 0.015625
3935 0.0625
3936 0.109375
3937 0.125
3938 0.109375
3939 0.09375
3940 0.03125
3941 0
3942 -0.0625
3943 -0.09375
3944 -0.09375
3945 -0.09375
3946 -0.09375
3947 -0.09375
3948 -0.046875
3949 -0.015625
3950 0.03125
3951 0.078125
3952 0.109375
3953 0.109375
3954 0.109375
3955 0.078125
3956 0.015625
3957 -0.015625
3958 -0.0625
3959 -0.09375
3960 -0.109375
3961 -0.109375
3962 -0.078125
3963 -0.046875
3964 0
3965 0.03125
3966 0.078125
3967 0.109375
3968 0.109375
3969 0.078125
3970 0.03125
3971 0.015625
3972 -0.03125
3973 -0.0625
3974 -0.078125
3975 -0.09375
3976 -0.078125
3977 -0.0625
3978 -0.015625
3979 0
3980 0.03125
3981 0.046875
3982 0.078125
3983 0.078125
3984 0.0625
3985 0.03125
3986 0
3987 -0.015625
3988 -0.046875
3989 -0.078125
3990 -0.078125
3991 -0.078125
3992 -0.046875
3993 -0.03125
3994 -0.015625
3995 0
3996 0.015625
3997 0.015625
3998 0
3999 -0.015625
4000 -0.015625
4001 0
4002 0.0625
4003 0.140625
4004 0.15625
4005 0.125
4006 0.078125
4007 -0.015625
4008 -0.078125
4009 -0.15625
4010 -0.1875
4011 -0.171875
4012 -0.140625
4013 -0.046875
4014 0
4015 0.09375
4016 0.140625
4017 0.171875
4018 0.171875
4019 0.140625
4020 0.09375
4021 0.015625
4022 -0.03125
4023 -0.09375
4024 -0.140625
4025 -0.140625
4026 -0.140625
4027 -0.078125
4028 -0.03125
4029 0.03125
4030 0.078125
4031 0.125
4032 0.140625
4033 0.140625
4034 0.109375
4035 0.0625
4036 0.015625
4037 -0.046875
4038 -0.078125
4039 -0.140625
4040 -0.140625
4041 -0.109375
4042 -0.078125
4043 -0.015625
4044 0.015625
4045 0.078125
4046 0.09375
4047 0.125
4048 0.109375
4049 0.078125
4050 0.03125
4051 0
4052 -0.046875
4053 -0.078125
4054 -0.109375
4055 -0.109375
4056 -0.09375
4057 -0.0625
4058 -0.015625
4059 0.03125
4060 0.0625
4061 0.09375
4062 0.09375
4063 0.09375
4064 0.078125
4065 0.015625
4066 0
4067 -0.046875
4068 -0.078125
4069 -0.09375
4070 -0.09375
4071 -0.078125
4072 -0.046875
4073 0
4074 0.015625
4075 0.0625
4076 0.078125
4077 0.09375
4078 0.078125
4079 0.046875
4080 0.03125
4081 -0.015625
4082 -0.03125
4083 -0.078125
4084 -0.078125
4085 -0.078125
4086 -0.0625
4087 -0.015625
4088 0
4089 0.03125
4090 0.0625
4091 0.09375
4092 0.09375
4093 0.09375
4094 0.09375
4095 0.03125
4096 -0.015625
4097 -0.125
4098 -0.15625
4099 -0.1875
4100 -0.1875
4101 -0.109375
4102 -0.046875
4103 0.046875
4104 0.109375
4105 0.171875
4106 0.203125
4107 0.1875
4108 0.140625
4109 0.046875
4110 0
4111 -0.09375
4112 -0.140625
4113 -0.1875
4114 -0.1875
4115 -0.140625
4116 -0.109375
4117 -0.015625
4118 0.03125
4119 0.109375
4120 0.140625
4121 0.15625
4122 0.140625
4123 0.109375
4124 0.046875
4125 0
4126 -0.0625
4127 -0.109375
4128 -0.140625
4129 -0.140625
4130 -0.125
4131 -0.09375
4132 -0.015625
4133 0.015625
4134 0.078125
4135 0.109375
4136 0.140625
4137 0.140625
4138 0.09375
4139 0.0625
4140 0
4141 -0.03125
4142 -0.078125
4143 -0.109375
4144 -0.125
4145 -0.109375
4146 -0.0625
4147 -0.03125
4148 0.015625
4149 0.03125
4150 0.078125
4151 0.078125
4152 0.078125
4153 0.0625
4154 0.078125
4155 0.078125
4156 0.0625
4157 0.015625
4158 -0.03125
4159 -0.0625
4160 -0.125
4161 -0.125
4162 -0.109375
4163 -0.078125
4164 -0.015625
4165 0.015625
4166 0.078125
4167 0.109375
4168 0.125
4169 0.125
4170 0.078125
4171 0.046875
4172 -0.015625
4173 -0.046875
4174 -0.09375
4175 -0.109375
4176 -0.109375
4177 -0.078125
4178 -0.046875
4179 -0.015625
4180 0.03125
4181 0.0625
4182 0.09375
4183 0.09375
4184 0.078125
4185 0.0625
4186 0.015625
4187 -0.015625
4188 -0.0625
4189 -0.078125
4190 -0.09375
4191 -0.09375
4192 -0.0625
4193 -0.03125
4194 0
4195 0.03125
4196 0.078125
4197 0.078125
4198 0.078125
4199 0.0625
4200 0.03125
4201 0
4202 -0.046875
4203 -0.0625
4204 -0.09375
4205 -0.078125
4206 -0.0625
4207 -0.046875
4208 0
4209 0.015625
4210 0.046875
4211 0.0625
4212 0.078125
4213 0.0625
4214 0.03125
4215 0
4216 -0.015625
4217 -0.046875
4218 -0.0625
4219 -0.0625
4220 -0.0625
4221 -0.046875
4222 -0.015625
4223 0
4224 0.03125
4225 0.046875
4226 0.046875
4227 0.046875
4228 0.03125
4229 0.015625
4230 0
4231 -0.015625
4232 -0.046875
4233 -0.0625
4234 -0.046875
4235 -0.046875
4236 -0.015625
4237 0
4238 0.03125
4239 0.046875
4240 0.0625
4241 0.0625
4242 0.0625
4243 0.046875
4244 0.03125
4245 0.046875
4246 0.03125
4247 0
4248 -0.109375
4249 -0.15625
4250 -0.203125
4251 -0.203125
4252 -0.15625
4253 -0.0625
4254 0.015625
4255 0.125
4256 0.1875
4257 0.21875
4258 0.21875
4259 0.140625
4260 0.078125
4261 -0.03125
4262 -0.109375
4263 -0.1875
4264 -0.21875
4265 -0.203125
4266 -0.171875
4267 -0.09375
4268 -0.015625
4269 0.078125
4270 0.125
4271 0.171875
4272 0.171875
4273 0.140625
4274 0.09375
4275 0
4276 -0.0625
4277 -0.140625
4278 -0.15625
4279 -0.1875
4280 -0.15625
4281 -0.09375
4282 -0.03125
4283 0.046875
4284 0.109375
4285 0.15625
4286 0.15625
4287 0.140625
4288 0.109375
4289 0.03125
4290 0
4291 -0.078125
4292 -0.109375
4293 -0.140625
4294 -0.125
4295 -0.09375
4296 -0.046875
4297 0.015625
4298 0.0625
4299 0.109375
4300 0.125
4301 0.109375
4302 0.09375
4303 0.046875
4304 0.015625
4305 0
4306 -0.03125
4307 -0.0625
4308 -0.078125
4309 -0.0625
4310 -0.046875
4311 -0.015625
4312 0
4313 0.0625
4314 0.078125
4315 0.109375
4316 0.109375
4317 0.078125
4318 0.046875
4319 0
4320 -0.015625
4321 -0.0625
4322 -0.078125
4323 -0.078125
4324 -0.0625
4325 -0.015625
4326 0
4327 0.046875
4328 0.078125
4329 0.09375
4330 0.09375
4331 0.0625
4332 0.03125
4333 0
4334 -0.046875
4335 -0.078125
4336 -0.09375
4337 -0.078125
4338 -0.0625
4339 -0.015625
4340 0
4341 0.046875
4342 0.0625
4343 0.078125
4344 0.0625
4345 0.046875
4346 0.015625
4347 -0.015625
4348 -0.046875
4349 -0.078125
4350 -0.078125
4351 -0.0625
4352 -0.046875
4353 0
4354 0
4355 0.03125
4356 0.0625
4357 0.0625
4358 0.0625
4359 0.03125
4360 0
4361 -0.015625
4362 -0.046875
4363 -0.0625
4364 -0.0625
4365 -0.046875
4366 -0.046875
4367 0
4368 0.015625
4369 0.046875
4370 0.0625
4371 0.0625
4372 0.046875
4373 0.015625
4374 0
4375 -0.015625
4376 -0.046875
4377 -0.046875
4378 -0.046875
4379 -0.03125
4380 -0.015625
4381 0
4382 0.015625
4383 0.03125
4384 0.046875
4385 0.046875
4386 0.03125
4387 0.015625
4388 0
4389 -0.015625
4390 -0.03125
4391 -0.03125
4392 0
4393 0
4394 0.015625
4395 0.046875
4396 0.09375
4397 0.125
4398 0.0625
4399 0
4400 -0.125
4401 -0.171875
4402 -0.21875
4403 -0.203125
4404 -0.09375
4405 0
4406 0.109375
4407 0.171875
4408 0.21875
4409 0.203125
4410 0.140625
4411 0.0625
4412 -0.046875
4413 -0.109375
4414 -0.203125
4415 -0.203125
4416 -0.171875
4417 -0.125
4418 -0.046875
4419 0.015625
4420 0.109375
4421 0.140625
4422 0.171875
4423 0.140625
4424 0.0625
4425 0.015625
4426 -0.078125
4427 -0.125
4428 -0.171875
4429 -0.171875
4430 -0.125
4431 -0.0625
4432 0.015625
4433 0.0625
4434 0.140625
4435 0.15625
4436 0.140625
4437 0.09375
4438 0.03125
4439 0
4440 -0.078125
4441 -0.109375
4442 -0.125
4443 -0.109375
4444 -0.046875
4445 0
4446 0.0625
4447 0.09375
4448 0.125
4449 0.125
4450 0.09375
4451 0.046875
4452 0
4453 -0.03125
4454 -0.0625
4455 -0.078125
4456 -0.078125
4457 -0.078125
4458 -0.046875
4459 0
4460 0.046875
4461 0.09375
4462 0.125
4463 0.140625
4464 0.09375
4465 0.0625
4466 0
4467 -0.046875
4468 -0.109375
4469 -0.125
4470 -0.09375
4471 -0.0625
4472 0
4473 0.046875
4474 0.09375
4475 0.125
4476 0.109375
4477 0.09375
4478 0.015625
4479 -0.015625
4480 -0.078125
4481 -0.09375
4482 -0.109375
4483 -0.078125
4484 -0.046875
4485 0
4486 0.0625
4487 0.09375
4488 0.09375
4489 0.09375
4490 0.046875
4491 0
4492 -0.046875
4493 -0.078125
4494 -0.09375
4495 -0.078125
4496 -0.046875
4497 -0.015625
4498 0.015625
4499 0.0625
4500 0.078125
4501 0.078125
4502 0.0625
4503 0.015625
4504 -0.015625
4505 -0.046875
4506 -0.078125
4507 -0.078125
4508 -0.0625
4509 -0.03125
4510 0
4511 0.046875
4512 0.0625
4513 0.078125
4514 0.0625
4515 0.03125
4516 0
4517 -0.046875
4518 -0.0625
4519 -0.078125
4520 -0.078125
4521 -0.046875
4522 0
4523 0.015625
4524 0.0625
4525 0.0625
4526 0.0625
4527 0.03125
4528 0.015625
4529 -0.015625
4530 -0.03125
4531 -0.0625
4532 -0.0625
4533 -0.03125
4534 -0.015625
4535 0.015625
4536 0.03125
4537 0.046875
4538 0.046875
4539 0.046875
4540 0.015625
4541 0
4542 -0.03125
4543 -0.03125
4544 -0.03125
4545 0
4546 0.015625
4547 0.078125
4548 0.109375
4549 0.125
4550 0.03125
4551 -0.09375
4552 -0.140625
4553 -0.203125
4554 -0.203125
4555 -0.109375
4556 -0.015625
4557 0.109375
4558 0.171875
4559 0.21875
4560 0.1875
4561 0.109375
4562 0.015625
4563 -0.109375
4564 -0.171875
4565 -0.21875
4566 -0.203125
4567 -0.109375
4568 -0.03125
4569 0.0625
4570 0.140625
4571 0.171875
4572 0.15625
4573 0.09375
4574 0.015625
4575 -0.078125
4576 -0.140625
4577 -0.171875
4578 -0.171875
4579 -0.09375
4580 -0.03125
4581 0.046875
4582 0.109375
4583 0.140625
4584 0.125
4585 0.09375
4586 0.03125
4587 -0.046875
4588 -0.09375
4589 -0.125
4590 -0.125
4591 -0.0625
4592 -0.015625
4593 0.046875
4594 0.078125
4595 0.125
4596 0.125
4597 0.078125
4598 0.03125
4599 -0.03125
4600 -0.0625
4601 -0.09375
4602 -0.078125
4603 -0.03125
4604 0
4605 0.046875
4606 0.046875
4607 0.046875
4608 0.046875
4609 0.03125
4610 0.015625
4611 0
4612 0
4613 0
4614 -0.015625
4615 -0.015625
4616 -0.015625
4617 0
4618 0
4619 0.015625
4620 0.03125
4621 0.03125
4622 0.015625
4623 0
4624 0
4625 -0.015625
4626 -0.015625
4627 -0.015625
4628 0
4629 0
4630 0
4631 0.015625
4632 0.015625
4633 0.015625
4634 0
4635 0
4636 -0.015625
4637 -0.03125
4638 -0.03125
4639 -0.03125
4640 0
4641 0
4642 0
4643 0.015625
4644 0.015625
4645 0.015625
4646 0
4647 0
4648 -0.015625
4649 -0.03125
4650 -0.015625
4651 -0.015625
4652 0
4653 0
4654 0
4655 0.015625
4656 0
4657 0
4658 0
4659 -0.015625
4660 -0.015625
4661 -0.015625
4662 0
4663 0
4664 0
4665 0
4666 0
4667 0
4668 0
4669 0
4670 0
4671 0
4672 0
4673 0
4674 0
4675 0.015625
4676 0.015625
4677 0.015625
4678 0
4679 0
4680 0
4681 0
4682 0
4683 0
4684 0
4685 0
4686 0.015625
4687 0.015625
4688 0.015625
4689 0
4690 0
4691 0
4692 0
4693 0
4694 0
4695 0
4696 0.015625
4697 0.015625
4698 0.046875
4699 0.046875
4700 0.0625
4701 0.046875
4702 -0.046875
4703 -0.09375
4704 -0.140625
4705 -0.140625
4706 -0.0625
4707 0
4708 0.109375
4709 0.15625
4710 0.171875
4711 0.140625
4712 0.03125
4713 -0.03125
4714 -0.15625
4715 -0.1875
4716 -0.171875
4717 -0.125
4718 0
4719 0.078125
4720 0.140625
4721 0.171875
4722 0.109375
4723 0.046875
4724 -0.046875
4725 -0.109375
4726 -0.15625
4727 -0.15625
4728 -0.09375
4729 -0.015625
4730 0.0625
4731 0.109375
4732 0.140625
4733 0.109375
4734 0.03125
4735 -0.015625
4736 -0.09375
4737 -0.125
4738 -0.109375
4739 -0.078125
4740 0
4741 0.046875
4742 0.109375
4743 0.109375
4744 0.078125
4745 0.046875
4746 -0.015625
4747 -0.0625
4748 -0.09375
4749 -0.09375
4750 -0.046875
4751 0
4752 0.046875
4753 0.078125
4754 0.078125
4755 0.0625
4756 0.015625
4757 0
4758 0
4759 0
4760 0
4761 -0.015625
4762 0
4763 0
4764 0
4765 0.015625
4766 0.03125
4767 0.046875
4768 0.046875
4769 0.015625
4770 0
4771 0
4772 -0.015625
4773 -0.03125
4774 -0.015625
4775 0
4776 0.015625
4777 0.03125
4778 0.046875
4779 0.03125
4780 0.015625
4781 0
4782 0
4783 -0.015625
4784 -0.015625
4785 0
4786 0
4787 0.015625
4788 0.015625
4789 0.015625
4790 0.015625
4791 0
4792 0
4793 0
4794 -0.015625
4795 0
4796 0
4797 0
4798 0.015625
4799 0.015625
4800 0.015625
4801 0
4802 0
4803 -0.015625
4804 -0.015625
4805 -0.015625
4806 0
4807 0
4808 0.015625
4809 0.015625
4810 0.015625
4811 0
4812 0
4813 0
4814 -0.015625
4815 -0.03125
4816 -0.015625
4817 0
4818 0
4819 0.015625
4820 0.015625
4821 0.015625
4822 0
4823 0
4824 0
4825 -0.015625
4826 -0.015625
4827 0
4828 0
4829 0
4830 0
4831 0
4832 0
4833 0
4834 0
4835 0
4836 0
4837 0
4838 0
4839 0
4840 0
4841 0
4842 0
4843 0
4844 0
4845 0
4846 0
4847 0
4848 0
4849 0.015625
4850 0.015625
4851 0.03125
4852 0.03125
4853 0
4854 -0.03125
4855 -0.0625
4856 -0.0625
4857 -0.046875
4858 0
4859 0.046875
4860 0.078125
4861 0.09375
4862 0.0625
4863 0.015625
4864 -0.015625
4865 -0.078125
4866 -0.09375
4867 -0.078125
4868 -0.046875
4869 0.015625
4870 0.046875
4871 0.09375
4872 0.09375
4873 0.046875
4874 0
4875 -0.046875
4876 -0.078125
4877 -0.078125
4878 -0.0625
4879 -0.015625
4880 0.015625
4881 0.0625
4882 0.078125
4883 0.0625
4884 0.03125
4885 0
4886 -0.046875
4887 -0.078125
4888 -0.0625
4889 -0.03125
4890 0
4891 0.03125
4892 0.0625
4893 0.0625
4894 0.046875
4895 0
4896 -0.015625
4897 -0.03125
4898 -0.046875
4899 -0.046875
4900 -0.015625
4901 0
4902 0.015625
4903 0.03125
4904 0.015625
4905 0
4906 -0.015625
4907 -0.015625
4908 0
4909 0.03125
4910 0.078125
4911 0.078125
4912 0.03125
4913 0
4914 -0.078125
4915 -0.09375
4916 -0.09375
4917 -0.046875
4918 0.015625
4919 0.078125
4920 0.109375
4921 0.109375
4922 0.0625
4923 0.015625
4924 -0.046875
4925 -0.09375
4926 -0.09375
4927 -0.0625
4928 0
4929 0.046875
4930 0.109375
4931 0.109375
4932 0.078125
4933 0.03125
4934 -0.015625
4935 -0.0625
4936 -0.09375
4937 -0.078125
4938 -0.015625
4939 0.015625
4940 0.0625
4941 0.09375
4942 0.078125
4943 0.046875
4944 0
4945 -0.046875
4946 -0.078125
4947 -0.078125
4948 -0.046875
4949 0
4950 0.03125
4951 0.0625
4952 0.0625
4953 0.046875
4954 0
4955 -0.015625
4956 -0.046875
4957 -0.0625
4958 -0.046875
4959 -0.015625
4960 0.015625
4961 0.03125
4962 0.046875
4963 0.03125
4964 0
4965 0
4966 -0.046875
4967 -0.046875
4968 -0.046875
4969 -0.015625
4970 0
4971 0.015625
4972 0.03125
4973 0.03125
4974 0.015625
4975 0
4976 -0.015625
4977 -0.046875
4978 -0.046875
4979 -0.03125
4980 0
4981 0
4982 0.03125
4983 0.03125
4984 0.03125
4985 0.015625
4986 0
4987 -0.015625
4988 -0.03125
4989 -0.03125
4990 -0.015625
4991 0
4992 0.015625
4993 0.03125
4994 0.03125
4995 0.015625
4996 0
4997 0
4998 -0.015625
4999 -0.015625
5000 0
5001 0
5002 0.015625
5003 0.015625
5004 0.015625
5005 0.015625
5006 -0.015625
5007 -0.015625
5008 -0.03125
5009 -0.015625
5010 0
5011 0.015625
5012 0.03125
5013 0.03125
5014 0.03125
5015 0.015625
5016 0
5017 -0.015625
5018 -0.046875
5019 -0.046875
5020 -0.015625
5021 0
5022 0.015625
5023 0.03125
5024 0.03125
5025 0.03125
5026 0.015625
5027 0
5028 -0.015625
5029 -0.03125
5030 -0.03125
5031 -0.015625
5032 0
5033 0.015625
5034 0.03125
5035 0.03125
5036 0.03125
5037 0
5038 0
5039 -0.015625
5040 -0.03125
5041 -0.015625
5042 -0.015625
5043 0
5044 0.015625
5045 0.03125
5046 0.03125
5047 0.015625
5048 0
5049 0
5050 -0.015625
5051 -0.03125
5052 -0.015625
5053 -0.015625
5054 0
5055 0
5056 0
5057 0
5058 0
5059 0.03125
5060 0.078125
5061 0.109375
5062 0.09375
5063 0.03125
5064 -0.015625
5065 -0.09375
5066 -0.125
5067 -0.109375
5068 -0.0625
5069 0.015625
5070 0.078125
5071 0.140625
5072 0.15625
5073 0.09375
5074 0.046875
5075 -0.046875
5076 -0.09375
5077 -0.125
5078 -0.109375
5079 -0.03125
5080 0.015625
5081 0.09375
5082 0.125
5083 0.125
5084 0.09375
5085 0.015625
5086 -0.03125
5087 -0.09375
5088 -0.109375
5089 -0.078125
5090 -0.046875
5091 0.03125
5092 0.078125
5093 0.109375
5094 0.09375
5095 0.0625
5096 0.015625
5097 -0.046875
5098 -0.078125
5099 -0.09375
5100 -0.078125
5101 -0.015625
5102 0.015625
5103 0.0625
5104 0.078125
5105 0.078125
5106 0.046875
5107 0
5108 -0.03125
5109 -0.078125
5110 -0.078125
5111 -0.0625
5112 -0.03125
5113 0.015625
5114 0.046875
5115 0.0625
5116 0.0625
5117 0.03125
5118 0
5119 -0.03125
5120 -0.0625
5121 -0.0625
5122 -0.0625
5123 -0.015625
5124 0
5125 0.03125
5126 0.046875
5127 0.046875
5128 0.03125
5129 0
5130 -0.015625
5131 -0.046875
5132 -0.0625
5133 -0.03125
5134 -0.015625
5135 0
5136 0.03125
5137 0.046875
5138 0.046875
5139 0.03125
5140 0
5141 -0.015625
5142 -0.03125
5143 -0.03125
5144 -0.03125
5145 -0.015625
5146 0
5147 0.015625
5148 0.03125
5149 0.03125
5150 0.03125
5151 0
5152 0
5153 -0.015625
5154 -0.015625
5155 -0.015625
5156 -0.015625
5157 0
5158 0
5159 0.015625
5160 0.015625
5161 0.015625
5162 0.015625
5163 0.015625
5164 0
5165 0
5166 -0.015625
5167 -0.015625
5168 -0.015625
5169 -0.015625
5170 0
5171 0.015625
5172 0.015625
5173 0.015625
5174 0.015625
5175 0.015625
5176 0
5177 0
5178 -0.015625
5179 -0.015625
5180 -0.015625
5181 0
5182 0
5183 0.015625
5184 0.015625
5185 0.015625
5186 0.015625
5187 0.015625
5188 0
5189 0
5190 -0.015625
5191 -0.015625
5192 -0.015625
5193 0
5194 0
5195 0.015625
5196 0.015625
5197 0.015625
5198 0
5199 0
5200 -0.015625
5201 -0.015625
5202 -0.015625
5203 -0.015625
5204 -0.015625
5205 -0.015625
5206 -0.015625
5207 -0.015625
5208 0
5209 0
5210 0.03125
5211 0.09375
5212 0.109375
5213 0.109375
5214 0.0625
5215 0
5216 -0.078125
5217 -0.125
5218 -0.15625
5219 -0.125
5220 -0.03125
5221 0.015625
5222 0.109375
5223 0.15625
5224 0.15625
5225 0.125
5226 0.046875
5227 -0.015625
5228 -0.09375
5229 -0.125
5230 -0.125
5231 -0.09375
5232 0
5233 0.046875
5234 0.109375
5235 0.140625
5236 0.125
5237 0.09375
5238 0.015625
5239 -0.03125
5240 -0.09375
5241 -0.109375
5242 -0.09375
5243 -0.0625
5244 0
5245 0.03125
5246 0.09375
5247 0.109375
5248 0.09375
5249 0.0625
5250 0
5251 -0.03125
5252 -0.09375
5253 -0.09375
5254 -0.09375
5255 -0.046875
5256 0
5257 0.03125
5258 0.078125
5259 0.09375
5260 0.078125
5261 0.046875
5262 0
5263 -0.03125
5264 -0.078125
5265 -0.09375
5266 -0.078125
5267 -0.046875
5268 0
5269 0.03125
5270 0.0625
5271 0.078125
5272 0.0625
5273 0.046875
5274 0
5275 -0.03125
5276 -0.0625
5277 -0.0625
5278 -0.0625
5279 -0.03125
5280 0
5281 0.015625
5282 0.046875
5283 0.0625
5284 0.0625
5285 0.03125
5286 0.015625
5287 -0.015625
5288 -0.03125
5289 -0.046875
5290 -0.046875
5291 -0.03125
5292 -0.015625
5293 0.015625
5294 0.03125
5295 0.046875
5296 0.046875
5297 0.03125
5298 0.015625
5299 0
5300 -0.015625
5301 -0.03125
5302 -0.046875
5303 -0.03125
5304 -0.015625
5305 0
5306 0.015625
5307 0.015625
5308 0.015625
5309 0.03125
5310 0.03125
5311 0.03125
5312 0.03125
5313 0.015625
5314 0
5315 -0.03125
5316 -0.03125
5317 -0.046875
5318 -0.03125
5319 -0.015625
5320 0
5321 0.015625
5322 0.03125
5323 0.046875
5324 0.046875
5325 0.03125
5326 0.015625
5327 -0.015625
5328 -0.03125
5329 -0.03125
5330 -0.046875
5331 -0.03125
5332 -0.015625
5333 0
5334 0.015625
5335 0.03125
5336 0.03125
5337 0.03125
5338 0.015625
5339 0
5340 -0.015625
5341 -0.03125
5342 -0.03125
5343 -0.03125
5344 -0.015625
5345 0
5346 0
5347 0.015625
5348 0.03125
5349 0.015625
5350 0.015625
5351 0
5352 -0.015625
5353 -0.03125
5354 -0.03125
5355 -0.046875
5356 -0.046875
5357 -0.03125
5358 -0.015625
5359 0
5360 0
5361 0.046875
5362 0.09375
5363 0.125
5364 0.125
5365 0.09375
5366 0.046875
5367 -0.046875
5368 -0.09375
5369 -0.15625
5370 -0.15625
5371 -0.109375
5372 -0.0625
5373 0.03125
5374 0.09375
5375 0.15625
5376 0.171875
5377 0.140625
5378 0.09375
5379 0.015625
5380 -0.03125
5381 -0.09375
5382 -0.125
5383 -0.125
5384 -0.09375
5385 -0.03125
5386 0.015625
5387 0.078125
5388 0.109375
5389 0.125
5390 0.109375
5391 0.0625
5392 0.03125
5393 -0.03125
5394 -0.078125
5395 -0.109375
5396 -0.109375
5397 -0.078125
5398 -0.046875
5399 0
5400 0.046875
5401 0.09375
5402 0.09375
5403 0.09375
5404 0.0625
5405 0.015625
5406 -0.015625
5407 -0.0625
5408 -0.09375
5409 -0.09375
5410 -0.078125
5411 -0.03125
5412 0
5413 0.03125
5414 0.0625
5415 0.078125
5416 0.078125
5417 0.0625
5418 0.015625
5419 0
5420 -0.046875
5421 -0.0625
5422 -0.078125
5423 -0.078125
5424 -0.046875
5425 -0.015625
5426 0.015625
5427 0.046875
5428 0.0625
5429 0.0625
5430 0.046875
5431 0.03125
5432 0
5433 -0.03125
5434 -0.046875
5435 -0.0625
5436 -0.0625
5437 -0.046875
5438 -0.015625
5439 0
5440 0.03125
5441 0.046875
5442 0.0625
5443 0.046875
5444 0.03125
5445 0.015625
5446 -0.015625
5447 -0.03125
5448 -0.046875
5449 -0.046875
5450 -0.03125
5451 -0.015625
5452 0
5453 0.015625
5454 0.03125
5455 0.03125
5456 0.03125
5457 0.015625
5458 -0.015625
5459 -0.03125
5460 -0.015625
5461 0
5462 0.015625
5463 0.03125
5464 0.03125
5465 0.03125
5466 0
5467 0
5468 -0.015625
5469 -0.03125
5470 -0.03125
5471 -0.03125
5472 -0.015625
5473 0
5474 0.015625
5475 0.03125
5476 0.03125
5477 0.03125
5478 0.03125
5479 0.015625
5480 0
5481 0
5482 -0.015625
5483 -0.03125
5484 -0.03125
5485 -0.015625
5486 0
5487 0
5488 0.015625
5489 0.015625
5490 0.03125
5491 0.03125
5492 0.015625
5493 0.015625
5494 0
5495 0
5496 -0.015625
5497 -0.015625
5498 -0.015625
5499 -0.015625
5500 -0.015625
5501 0
5502 0
5503 0
5504 0
5505 0
5506 0
5507 -0.015625
5508 -0.03125
5509 -0.03125
5510 -0.03125
5511 -0.015625
5512 0.03125
5513 0.078125
5514 0.109375
5515 0.125
5516 0.09375
5517 0.0625
5518 0
5519 -0.046875
5520 -0.09375
5521 -0.125
5522 -0.109375
5523 -0.078125
5524 -0.03125
5525 0
5526 0.0625
5527 0.09375
5528 0.125
5529 0.125
5530 0.078125
5531 0.046875
5532 0
5533 -0.03125
5534 -0.078125
5535 -0.09375
5536 -0.09375
5537 -0.0625
5538 -0.03125
5539 0
5540 0.046875
5541 0.0625
5542 0.09375
5543 0.09375
5544 0.078125
5545 0.046875
5546 0.015625
5547 -0.015625
5548 -0.046875
5549 -0.078125
5550 -0.078125
5551 -0.078125
5552 -0.0625
5553 -0.015625
5554 0
5555 0.03125
5556 0.0625
5557 0.078125
5558 0.078125
5559 0.046875
5560 0.015625
5561 0
5562 -0.03125
5563 -0.0625
5564 -0.0625
5565 -0.0625
5566 -0.046875
5567 -0.015625
5568 0
5569 0.015625
5570 0.03125
5571 0.0625
5572 0.0625
5573 0.046875
5574 0.03125
5575 0
5576 0
5577 -0.03125
5578 -0.046875
5579 -0.0625
5580 -0.046875
5581 -0.03125
5582 -0.015625
5583 0
5584 0.015625
5585 0.046875
5586 0.046875
5587 0.046875
5588 0.03125
5589 0.015625
5590 0
5591 -0.015625
5592 -0.03125
5593 -0.046875
5594 -0.046875
5595 -0.03125
5596 -0.015625
5597 0
5598 0
5599 0.03125
5600 0.046875
5601 0.046875
5602 0.046875
5603 0.03125
5604 0
5605 0
5606 -0.015625
5607 -0.03125
5608 -0.03125
5609 -0.03125
5610 -0.015625
5611 0
5612 0
5613 0
5614 0.015625
5615 0.03125
5616 0.03125
5617 0.03125
5618 0.015625
5619 0.015625
5620 0
5621 0
5622 -0.015625
5623 -0.015625
5624 -0.015625
5625 -0.015625
5626 -0.015625
5627 0
5628 0
5629 0.015625
5630 0.015625
5631 0.03125
5632 0.03125
5633 0.015625
5634 0
5635 0
5636 0
5637 -0.015625
5638 -0.015625
5639 -0.015625
5640 -0.015625
5641 0
5642 0
5643 0
5644 0
5645 0.015625
5646 0.015625
5647 0.015625
5648 0.015625
5649 0
5650 0
5651 0
5652 0
5653 0
5654 -0.015625
5655 -0.015625
5656 -0.015625
5657 0
5658 0
5659 0
5660 0
5661 0
5662 0
5663 0.015625
5664 0.03125
5665 0.0625
5666 0.0625
5667 0.0625
5668 0.046875
5669 0
5670 -0.015625
5671 -0.046875
5672 -0.078125
5673 -0.078125
5674 -0.0625
5675 -0.046875
5676 0
5677 0
5678 0.046875
5679 0.0625
5680 0.09375
5681 0.078125
5682 0.0625
5683 0.03125
5684 0
5685 -0.015625
5686 -0.046875
5687 -0.0625
5688 -0.0625
5689 -0.0625
5690 -0.03125
5691 0
5692 0.015625
5693 0.03125
5694 0.0625
5695 0.0625
5696 0.0625
5697 0.046875
5698 0.015625
5699 0
5700 -0.015625
5701 -0.03125
5702 -0.0625
5703 -0.0625
5704 -0.046875
5705 -0.03125
5706 0
5707 0
5708 0.03125
5709 0.046875
5710 0.0625
5711 0.046875
5712 0.03125
5713 0.015625
5714 0
5715 -0.015625
5716 -0.03125
5717 -0.046875
5718 -0.046875
5719 -0.046875
5720 -0.03125
5721 -0.015625
5722 0
5723 0.015625
5724 0.03125
5725 0.046875
5726 0.046875
5727 0.03125
5728 0.015625
5729 0
5730 -0.015625
5731 -0.03125
5732 -0.046875
5733 -0.046875
5734 -0.03125
5735 -0.03125
5736 0
5737 0
5738 0.015625
5739 0.03125
5740 0.03125
5741 0.03125
5742 0.03125
5743 0.015625
5744 0
5745 0
5746 -0.015625
5747 -0.03125
5748 -0.03125
5749 -0.03125
5750 -0.015625
5751 0
5752 0
5753 0.015625
5754 0.03125
5755 0.03125
5756 0.03125
5757 0.03125
5758 0.015625
5759 0
5760 0
5761 0
5762 0
5763 -0.015625
5764 -0.046875
5765 -0.046875
5766 -0.0625
5767 -0.046875
5768 -0.015625
5769 0
5770 0.03125
5771 0.046875
5772 0.0625
5773 0.0625
5774 0.0625
5775 0.046875
5776 0
5777 0
5778 -0.03125
5779 -0.046875
5780 -0.0625
5781 -0.0625
5782 -0.046875
5783 -0.03125
5784 0
5785 0.015625
5786 0.03125
5787 0.046875
5788 0.0625
5789 0.0625
5790 0.03125
5791 0.015625
5792 0
5793 -0.015625
5794 -0.046875
5795 -0.046875
5796 -0.046875
5797 -0.046875
5798 -0.03125
5799 0
5800 0
5801 0.015625
5802 0.03125
5803 0.046875
5804 0.046875
5805 0.046875
5806 0.03125
5807 0
5808 0
5809 -0.03125
5810 -0.03125
5811 -0.03125
5812 -0.03125
5813 -0.015625
5814 0
5815 0
5816 0.015625
5817 0.03125
5818 0.046875
5819 0.046875
5820 0.046875
5821 0.03125
5822 0.015625
5823 0
5824 -0.015625
5825 -0.03125
5826 -0.03125
5827 -0.03125
5828 -0.015625
5829 0
5830 0
5831 0.015625
5832 0.03125
5833 0.046875
5834 0.046875
5835 0.03125
5836 0.03125
5837 0
5838 0
5839 -0.015625
5840 -0.015625
5841 -0.03125
5842 -0.03125
5843 -0.015625
5844 0
5845 0
5846 0.015625
5847 0.03125
5848 0.03125
5849 0.03125
5850 0.03125
5851 0.015625
5852 0
5853 0
5854 -0.015625
5855 -0.03125
5856 -0.03125
5857 -0.015625
5858 -0.015625
5859 0
5860 0
5861 0.015625
5862 0.03125
5863 0.03125
5864 0.03125
5865 0.015625
5866 0
5867 0
5868 0
5869 -0.015625
5870 -0.03125
5871 -0.015625
5872 -0.015625
5873 0
5874 0
5875 0
5876 0.015625
5877 0.015625
5878 0.015625
5879 0.015625
5880 0
5881 0
5882 0
5883 -0.015625
5884 -0.015625
5885 -0.015625
5886 -0.015625
5887 0
5888 0
5889 0
5890 0
5891 0.015625
5892 0.015625
5893 0.015625
5894 0
5895 0
5896 0
5897 0
5898 0
5899 -0.015625
5900 0
5901 0
5902 0
5903 0
5904 0
5905 0.015625
5906 0.015625
5907 0.015625
5908 0.015625
5909 0.015625
5910 0.015625
5911 0.015625
5912 0.03125
5913 0
5914 0
5915 -0.046875
5916 -0.0625
5917 -0.0625
5918 -0.0625
5919 -0.046875
5920 -0.015625
5921 0.015625
5922 0.046875
5923 0.078125
5924 0.078125
5925 0.078125
5926 0.0625
5927 0.015625
5928 0
5929 -0.03125
5930 -0.0625
5931 -0.0625
5932 -0.0625
5933 -0.0625
5934 -0.03125
5935 0
5936 0.015625
5937 0.03125
5938 0.0625
5939 0.0625
5940 0.046875
5941 0.03125
5942 0
5943 0
5944 -0.03125
5945 -0.046875
5946 -0.0625
5947 -0.046875
5948 -0.015625
5949 0
5950 0.015625
5951 0.03125
5952 0.046875
5953 0.046875
5954 0.046875
5955 0.03125
5956 0.015625
5957 0
5958 -0.015625
5959 -0.015625
5960 -0.03125
5961 -0.015625
5962 0
5963 0
5964 0.015625
5965 0.03125
5966 0.015625
5967 0
5968 0
5969 0
5970 0
5971 0
5972 0
5973 0.015625
5974 0.015625
5975 0
5976 0
5977 0
5978 0
5979 0
5980 0
5981 0
5982 0
5983 0
5984 0
5985 0
5986 0
5987 0
5988 0
5989 0
5990 0
5991 0
5992 0
5993 0
5994 0
5995 0
5996 0
5997 0
5998 0
5999 0
6000 0
6001 0
6002 0
6003 0
6004 0
6005 0
6006 0
6007 0
6008 0
6009 0
6010 0
6011 0
6012 0
6013 0
6014 0
6015 0
6016 0
6017 0
6018 0
6019 0
6020 0
6021 0
6022 0
6023 0
6024 0
6025 0
6026 0
6027 0
6028 0
6029 0
6030 0
6031 0
6032 0
6033 0
6034 0
6035 0
6036 0
6037 0
6038 0
6039 0
6040 0
6041 0
6042 0
6043 0
6044 0
6045 0
6046 0
6047 0
6048 0
6049 0
6050 0
6051 0
6052 0
6053 0
6054 0
6055 0
6056 0
6057 0
6058 0
6059 0
6060 0
6061 0.015625
6062 0.03125
6063 0.03125
6064 0.03125
6065 0
6066 -0.015625
6067 -0.046875
6068 -0.0625
6069 -0.0625
6070 -0.0625
6071 -0.015625
6072 0
6073 0.03125
6074 0.0625
6075 0.078125
6076 0.078125
6077 0.046875
6078 0.015625
6079 -0.015625
6080 -0.03125
6081 -0.0625
6082 -0.078125
6083 -0.0625
6084 -0.03125
6085 0
6086 0.015625
6087 0.046875
6088 0.0625
6089 0.0625
6090 0.046875
6091 0.015625
6092 0
6093 -0.03125
6094 -0.046875
6095 -0.0625
6096 -0.046875
6097 -0.015625
6098 0
6099 0.03125
6100 0.046875
6101 0.046875
6102 0.046875
6103 0.03125
6104 0.015625
6105 0
6106 -0.015625
6107 -0.03125
6108 -0.03125
6109 -0.015625
6110 0
6111 0.015625
6112 0.03125
6113 0.046875
6114 0.046875
6115 0.03125
6116 0.015625
6117 0
6118 -0.015625
6119 -0.03125
6120 -0.03125
6121 -0.015625
6122 0
6123 0.015625
6124 0.03125
6125 0.046875
6126 0.046875
6127 0.03125
6128 0.015625
6129 0
6130 -0.015625
6131 -0.03125
6132 -0.03125
6133 -0.03125
6134 -0.015625
6135 0
6136 0.03125
6137 0.046875
6138 0.046875
6139 0.03125
6140 0.015625
6141 0
6142 0
6143 -0.03125
6144 -0.03125
6145 -0.03125
6146 -0.015625
6147 0
6148 0.015625
6149 0.03125
6150 0.03125
6151 0.03125
6152 0.015625
6153 0
6154 0
6155 -0.03125
6156 -0.03125
6157 -0.03125
6158 -0.015625
6159 0
6160 0.015625
6161 0.03125
6162 0.03125
6163 0.03125
6164 0.015625
6165 0
6166 0
6167 -0.015625
6168 -0.03125
6169 -0.03125
6170 -0.015625
6171 0
6172 0
6173 0.015625
6174 0.03125
6175 0.015625
6176 0.015625
6177 0
6178 0
6179 -0.015625
6180 -0.015625
6181 -0.015625
6182 0
6183 0
6184 0
6185 0.015625
6186 0.015625
6187 0.015625
6188 0.015625
6189 0
6190 0
6191 0
6192 -0.015625
6193 -0.015625
6194 0
6195 0
6196 0
6197 0.015625
6198 0.015625
6199 0.015625
6200 0
6201 0
6202 0
6203 0
6204 0
6205 0
6206 0
6207 0
6208 0.015625
6209 0.015625
6210 0.015625
6211 0.015625
6212 0.015625
6213 0.015625
6214 0.015625
6215 0.015625
6216 0
6217 -0.015625
6218 -0.046875
6219 -0.046875
6220 -0.046875
6221 -0.03125
6222 0
6223 0.015625
6224 0.046875
6225 0.0625
6226 0.0625
6227 0.046875
6228 0.015625
6229 0
6230 -0.046875
6231 -0.0625
6232 -0.0625
6233 -0.046875
6234 0
6235 0.015625
6236 0.046875
6237 0.0625
6238 0.046875
6239 0.03125
6240 0
6241 -0.015625
6242 -0.046875
6243 -0.046875
6244 -0.046875
6245 -0.015625
6246 0
6247 0.015625
6248 0.046875
6249 0.046875
6250 0.03125
6251 0.015625
6252 0
6253 -0.015625
6254 -0.03125
6255 -0.03125
6256 -0.015625
6257 0
6258 0.015625
6259 0.03125
6260 0.046875
6261 0.046875
6262 0.03125
6263 0.015625
6264 0
6265 0
6266 -0.015625
6267 -0.015625
6268 0
6269 0
6270 0
6271 0
6272 0.015625
6273 0.03125
6274 0.046875
6275 0.03125
6276 0.015625
6277 0
6278 -0.015625
6279 -0.015625
6280 -0.015625
6281 -0.015625
6282 0
6283 0.015625
6284 0.03125
6285 0.046875
6286 0.03125
6287 0.015625
6288 0
6289 -0.015625
6290 -0.015625
6291 -0.015625
6292 -0.015625
6293 0
6294 0.015625
6295 0.03125
6296 0.03125
6297 0.03125
6298 0.015625
6299 0
6300 -0.015625
6301 -0.015625
6302 -0.015625
6303 -0.015625
6304 0
6305 0
6306 0.015625
6307 0.015625
6308 0.015625
6309 0
6310 0
6311 -0.015625
6312 -0.015625
6313 -0.015625
6314 0
6315 0
6316 0
6317 0.015625
6318 0.015625
6319 0
6320 0
6321 0
6322 -0.015625
6323 -0.015625
6324 0
6325 0
6326 0
6327 0.015625
6328 0.015625
6329 0.015625
6330 0
6331 0
6332 0
6333 -0.015625
6334 -0.015625
6335 0
6336 0
6337 0
6338 0.015625
6339 0.015625
6340 0.015625
6341 0
6342 0
6343 0
6344 0
6345 0
6346 0
6347 0
6348 0.015625
6349 0.015625
6350 0.015625
6351 0
6352 0
6353 0
6354 0
6355 0
6356 0
6357 0
6358 0
6359 0.015625
6360 0.015625
6361 0.015625
6362 0
6363 0
6364 0
6365 0
6366 0
6367 0
6368 0
6369 -0.015625
6370 -0.015625
6371 -0.015625
6372 -0.015625
6373 0
6374 0.015625
6375 0.03125
6376 0.046875
6377 0.03125
6378 0.015625
6379 0
6380 -0.015625
6381 -0.03125
6382 -0.03125
6383 -0.015625
6384 0
6385 0.015625
6386 0.03125
6387 0.03125
6388 0.03125
6389 0
6390 0
6391 -0.03125
6392 -0.03125
6393 -0.03125
6394 -0.015625
6395 0
6396 0.015625
6397 0.03125
6398 0.03125
6399 0.015625
6400 0
6401 -0.015625
6402 -0.015625
6403 -0.015625
6404 -0.015625
6405 0
6406 0.015625
6407 0.03125
6408 0.03125
6409 0.015625
6410 0
6411 0
6412 0
6413 -0.015625
6414 -0.015625
6415 0
6416 0
6417 0.015625
6418 0.015625
6419 0.015625
6420 0.015625
6421 0.015625
6422 0
6423 0
6424 0
6425 -0.015625
6426 0
6427 0
6428 0
6429 0.015625
6430 0.03125
6431 0.015625
6432 0.015625
6433 0
6434 0
6435 -0.015625
6436 -0.015625
6437 0
6438 0
6439 0.015625
6440 0.015625
6441 0.015625
6442 0.015625
6443 0
6444 0
6445 0
6446 0
6447 0
6448 0
6449 0
6450 0.015625
6451 0.015625
6452 0
6453 0
6454 0
6455 0
6456 0
6457 0
6458 0
6459 0
6460 0.015625
6461 0.015625
6462 0
6463 0
6464 0
6465 0
6466 0
6467 0
6468 0
6469 0
6470 0
6471 0.015625
6472 0
6473 0
6474 0
6475 0
6476 0
6477 0
6478 0
6479 0
6480 0
6481 0
6482 0
6483 0
6484 0
6485 0
6486 0
6487 0
6488 0
6489 0
6490 0
6491 0
6492 0
6493 0
6494 0
6495 0
6496 0
6497 0
6498 0
6499 0
6500 0
6501 0
6502 0
6503 0
6504 0
6505 0
6506 0
6507 0
6508 0
6509 0
6510 0
6511 0
6512 0
6513 0
6514 0
6515 0
6516 0
6517 0
6518 0
6519 0
6520 0
6521 0
6522 0
6523 0
6524 0
6525 0
6526 0.015625
6527 0.015625
6528 0.015625
6529 0.015625
6530 0
6531 0
6532 0
6533 0
6534 0
6535 0
6536 0
6537 0.015625
6538 0.015625
6539 0.015625
6540 0
6541 0
6542 0
6543 0
6544 0
6545 0
6546 0
6547 0.015625
6548 0.015625
6549 0.015625
6550 0
6551 0
6552 0
6553 0
6554 0
6555 0
6556 0
6557 0
6558 0.015625
6559 0.015625
6560 0
6561 0
6562 0
6563 0
6564 0
6565 0
6566 0
6567 0
6568 0
6569 0.015625
6570 0.015625
6571 0.015625
6572 0.015625
6573 0
6574 0
6575 -0.015625
6576 -0.015625
6577 -0.015625
6578 0
6579 0.015625
6580 0.015625
6581 0.03125
6582 0.03125
6583 0.015625
6584 0
6585 -0.015625
6586 -0.015625
6587 -0.015625
6588 0
6589 0.015625
6590 0.015625
6591 0.03125
6592 0.03125
6593 0.015625
6594 0
6595 0
6596 -0.015625
6597 0
6598 0
6599 0
6600 0.015625
6601 0.015625
6602 0.015625
6603 0
6604 0
6605 0
6606 -0.015625
6607 0
6608 0
6609 0
6610 0.015625
6611 0.015625
6612 0.015625
6613 0
6614 0
6615 0
6616 -0.015625
6617 0
6618 0
6619 0
6620 0.015625
6621 0.015625
6622 0.015625
6623 0
6624 0
6625 0
6626 0
6627 0
6628 0
6629 0
6630 0.015625
6631 0.015625
6632 0.015625
6633 0
6634 0
6635 0
6636 0
6637 0
6638 0
6639 0
6640 0
6641 0.015625
6642 0
6643 0
6644 0
6645 0
6646 0
6647 0
6648 0
6649 0
6650 0
6651 0
6652 0
6653 0
6654 0
6655 0
6656 0
6657 0
6658 0
6659 0
6660 0
6661 0
6662 0
6663 0
6664 0
6665 0
6666 0
6667 0
6668 0
6669 0
6670 0
6671 0
6672 0
6673 0
6674 0
6675 0
6676 0
6677 0
6678 0
6679 0
6680 0
6681 0
6682 0
6683 0
6684 0
6685 0
6686 0
6687 0
6688 0
6689 0
6690 0
6691 0
6692 0
6693 0
6694 0
6695 0
6696 0
6697 0
6698 0
6699 0
6700 0
6701 0
6702 0
6703 0
6704 0
6705 0
6706 0
6707 0
6708 0
6709 0
6710 0
6711 0
6712 0
6713 0
6714 0
6715 0
6716 0
6717 0
6718 0
6719 0
6720 0.015625
6721 0.015625
6722 0.015625
6723 0.015625
6724 0.015625
6725 0
6726 -0.015625
6727 -0.015625
6728 -0.015625
6729 0
6730 0
6731 0.015625
6732 0.03125
6733 0.03125
6734 0.015625
6735 0
6736 0
6737 -0.015625
6738 -0.015625
6739 -0.015625
6740 0
6741 0.015625
6742 0.03125
6743 0.03125
6744 0.03125
6745 0.015625
6746 0
6747 -0.015625
6748 -0.015625
6749 -0.015625
6750 0
6751 0
6752 0.015625
6753 0.03125
6754 0.015625
6755 0.015625
6756 0
6757 0
6758 -0.015625
6759 -0.015625
6760 0
6761 0
6762 0.015625
6763 0.015625
6764 0.015625
6765 0
6766 0
6767 0
6768 0
6769 0
6770 0
6771 0
6772 0
6773 0.015625
6774 0.015625
6775 0
6776 0
6777 0
6778 0
6779 0
6780 0
6781 0
6782 0
6783 0
6784 0.015625
6785 0
6786 0
6787 0
6788 0
6789 0
6790 0
6791 0
6792 0
6793 0
6794 0
6795 0
6796 0
6797 0
6798 0
6799 0
6800 0
6801 0
6802 0
6803 0
6804 0
6805 0
6806 0
6807 0
6808 0
6809 0
6810 0
6811 0
6812 0
6813 0
6814 0
6815 0
6816 0
6817 0
6818 0
6819 0
6820 0
6821 0
6822 0
6823 0
6824 0
6825 0
6826 0
6827 0
6828 0
6829 0
6830 0
6831 0
6832 0
6833 0
6834 0
6835 0
6836 0
6837 0
6838 0
6839 0
6840 0
6841 0
6842 0
6843 0
6844 0
6845 0
6846 0
6847 0
6848 0
6849 0
6850 0
6851 0
6852 0
6853 0
6854 0
6855 0
6856 0
6857 0
6858 0
6859 0
6860 0
6861 0
6862 0
6863 0
6864 0
6865 0
6866 0
6867 0
6868 0
6869 0
6870 0
6871 0
6872 0.015625
6873 0.015625
6874 0.015625
6875 0
6876 0
6877 0
6878 -0.015625
6879 -0.015625
6880 -0.015625
6881 0
6882 0
6883 0.03125
6884 0.03125
6885 0.03125
6886 0.015625
6887 0
6888 0
6889 -0.015625
6890 -0.015625
6891 0
6892 0
6893 0.015625
6894 0.03125
6895 0.03125
6896 0.03125
6897 0.015625
6898 0
6899 0
6900 -0.015625
6901 -0.015625
6902 0
6903 0
6904 0
6905 0.015625
6906 0.015625
6907 0.015625
6908 0
6909 0
6910 0
6911 -0.015625
6912 -0.015625
6913 0
6914 0
6915 0
6916 0.015625
6917 0.015625
6918 0.015625
6919 0
6920 0
6921 0
6922 0
6923 0
6924 0
6925 0
6926 0
6927 0.015625
6928 0.015625
6929 0
6930 0
6931 0
6932 0
6933 0
6934 0
6935 0
6936 0
6937 0
6938 0
6939 0.015625
6940 0
6941 0
6942 0
6943 0
6944 0
6945 0
6946 0
6947 0
6948 0
6949 0
6950 0.015625
6951 0
6952 0
6953 0
6954 0
6955 0
6956 0
6957 0
6958 0
6959 0
6960 0
6961 0
6962 0
6963 0
6964 0
6965 0
6966 0
6967 0
6968 0
6969 0
6970 0
6971 0
6972 0
6973 0
6974 0
6975 0
6976 0
6977 0
6978 0
6979 0
6980 0
6981 0
6982 0
6983 0
6984 0
6985 0
6986 0
6987 0
6988 0
6989 0
6990 0
6991 0
6992 0
6993 0
6994 0
6995 0
6996 0
6997 0
6998 0
6999 0
7000 0
7001 0
7002 0
7003 0
7004 0
7005 0
7006 0
7007 0
7008 0
7009 0
7010 0
7011 0
7012 0
7013 0
7014 0
7015 0
7016 0
7017 0
7018 0
7019 0
7020 0
7021 0
7022 0
7023 0.015625
7024 0.015625
7025 0.015625
7026 0.015625
7027 0
7028 0
7029 0
7030 -0.015625
7031 -0.015625
7032 0
7033 0
7034 0.015625
7035 0.03125
7036 0.03125
7037 0.03125
7038 0.015625
7039 0
7040 0
7041 -0.015625
7042 -0.015625
7043 -0.015625
7044 0
7045 0
7046 0.015625
7047 0.015625
7048 0.03125
7049 0.015625
7050 0.015625
7051 0
7052 0
7053 0
7054 -0.015625
7055 0
7056 0
7057 0
7058 0.015625
7059 0.015625
7060 0.015625
7061 0.015625
7062 0
7063 0
7064 0
7065 0
7066 -0.015625
7067 0
7068 0
7069 0
7070 0.015625
7071 0.015625
7072 0.015625
7073 0.015625
7074 0
7075 0
7076 0
7077 0
7078 0
7079 0
7080 0
7081 0
7082 0.015625
7083 0.015625
7084 0.015625
7085 0.015625
7086 0
7087 0
7088 0
7089 0
7090 0
7091 0
7092 0
7093 0
7094 0
7095 0.015625
7096 0.015625
7097 0.015625
7098 0
7099 0
7100 0
7101 0
7102 0
7103 0
7104 0
7105 0
7106 0
7107 0.015625
7108 0.015625
7109 0.015625
7110 0
7111 0
7112 0
7113 0
7114 0
7115 0
7116 0
7117 0
7118 0
7119 0
7120 0
7121 0
7122 0
7123 0
7124 0
7125 0
7126 0
7127 0
7128 0
7129 0
7130 0
7131 0
7132 0
7133 0
7134 0
7135 0
7136 0
7137 0
7138 0
7139 0
7140 0
7141 0
7142 0
7143 0
7144 0
7145 0
7146 0
7147 0
7148 0
7149 0
7150 0
7151 0
7152 0
7153 0
7154 0
7155 0
7156 0
7157 0
7158 0
7159 0
7160 0
7161 0
7162 0
7163 0
7164 0
7165 0
7166 0
7167 0
7168 0
7169 0
7170 0
7171 0
7172 0
7173 0
7174 0.015625
7175 0.015625
7176 0.015625
7177 0
7178 0
7179 0
7180 0
7181 0
7182 0
7183 0
7184 0
7185 0
7186 0.015625
7187 0.015625
7188 0.015625
7189 0.015625
7190 0.015625
7191 0
7192 0
7193 0
7194 0
7195 0
7196 0
7197 0
7198 0
7199 0.015625
7200 0.015625
7201 0.015625
7202 0.015625
7203 0
7204 0
7205 0
7206 0
7207 0
7208 0
7209 0
7210 0
7211 0
7212 0.015625
7213 0.015625
7214 0.015625
7215 0
7216 0
7217 0
7218 0
7219 0
7220 0
7221 0
7222 0
7223 0
7224 0
7225 0
7226 0.015625
7227 0.015625
7228 0
7229 0
7230 0
7231 0
7232 0
7233 0
7234 0
7235 0
7236 0
7237 0
7238 0
7239 0.015625
7240 0
7241 0
7242 0
7243 0
7244 0
7245 0
7246 0
7247 0
7248 0
7249 0
7250 0
7251 0
7252 0
7253 0
7254 0
7255 0
7256 0
7257 0
7258 0
7259 0
7260 0
7261 0
7262 0
7263 0
7264 0
7265 0
7266 0
7267 0
7268 0
7269 0
7270 0
7271 0
7272 0
7273 0
7274 0
7275 0
7276 0
7277 0
7278 0
7279 0
7280 0
7281 0
7282 0
7283 0
7284 0
7285 0
7286 0
7287 0
7288 0
7289 0
7290 0
7291 0
7292 0
7293 0
7294 0
7295 0
7296 0
7297 0
7298 0
7299 0
7300 0
7301 0
7302 0
7303 0
7304 0
7305 0
7306 0
7307 0
7308 0
7309 0
7310 0
7311 0
7312 0
7313 0
7314 0
7315 0
7316 0
7317 0
7318 0
7319 0
7320 0
7321 0
7322 0
7323 0
7324 0
7325 0
7326 0.015625
7327 0.015625
7328 0.015625
7329 0
7330 0
7331 0
7332 0
7333 0
7334 0
7335 0
7336 0
7337 0
7338 0.015625
7339 0.015625
7340 0.015625
7341 0.015625
7342 0
7343 0
7344 0
7345 0
7346 0
7347 0
7348 0
7349 0
7350 0
7351 0
7352 0.015625
7353 0.015625
7354 0.015625
7355 0
7356 0
7357 0
7358 0
7359 0
7360 0
7361 0
7362 0
7363 0
7364 0
7365 0
7366 0
7367 0
7368 0
7369 0
7370 0
7371 0
7372 0
7373 0
7374 0
7375 0
7376 0
7377 0
7378 0
7379 0
7380 0
7381 0
7382 0
7383 0
7384 0
7385 0
7386 0
7387 0
7388 0
7389 0
7390 0
7391 0
7392 0
7393 0
7394 0
7395 0
7396 0
7397 0
7398 0
7399 0
7400 0
7401 0
7402 0
7403 0
7404 0
7405 0
7406 0
7407 0
7408 0
7409 0
7410 0
7411 0
7412 0
7413 0
7414 0
7415 0
7416 0
7417 0
7418 0
7419 0
7420 0
7421 0
7422 0
7423 0
7424 0
7425 0
7426 0
7427 0
7428 0
7429 0
7430 0
7431 0
7432 0
7433 0
7434 0
7435 0
7436 0
7437 0.015625
7438 0.015625
7439 0.015625
7440 0
7441 0
7442 0
7443 0
7444 0
7445 0
7446 0
7447 0
7448 0
7449 0
7450 0
7451 0.015625
7452 0.015625
7453 0
7454 0
7455 0
7456 0
7457 0
7458 0
7459 0
7460 0
7461 0
7462 0
7463 0
7464 0
7465 0
7466 0
7467 0
7468 0
7469 0
7470 0
7471 0
7472 0
7473 0
7474 0
7475 0
7476 0
7477 0
7478 0
7479 0
7480 0
7481 0
7482 0
7483 0
7484 0
7485 0
7486 0
7487 0
7488 0
7489 0
7490 0
7491 0
7492 0
7493 0
7494 0
7495 0
7496 0
7497 0
7498 0
7499 0
7500 0
7501 0
7502 0
7503 0
7504 0
7505 0
7506 0
7507 0
7508 0
7509 0
7510 0
7511 0
7512 0
7513 0
7514 0
7515 0
7516 0
7517 0
7518 0
7519 0
7520 0
7521 0
7522 0
7523 0
7524 0
7525 0
7526 0
7527 0
7528 0
7529 0
7530 0
7531 0
7532 0
7533 0
7534 0
7535 0
7536 0
7537 0
7538 0
7539 0
7540 0
7541 0
7542 0
7543 0
7544 0
7545 0
7546 0
7547 0
7548 0
7549 0
7550 0
7551 0
7552 0
7553 0
7554 0
7555 0
7556 0
7557 0
7558 0
7559 0
7560 0
7561 0
7562 0
7563 0
7564 0
7565 0
7566 0
7567 0
7568 0
7569 0
7570 0
7571 0
7572 0
7573 0
7574 0
7575 0
7576 0
7577 0
7578 0
7579 0
7580 0
7581 0
7582 0
7583 0
7584 0
7585 0
7586 0
7587 0
7588 0
7589 0.015625
7590 0
7591 0
7592 0
7593 0
7594 0
7595 0
7596 0
7597 0
7598 0
7599 0
7600 0
7601 0
7602 0
7603 0
7604 0
7605 0
7606 0
7607 0
7608 0
7609 0
7610 0
7611 0
7612 0
7613 0
7614 0
7615 0
7616 0
7617 0
7618 0
7619 0
7620 0
7621 0
7622 0
7623 0
7624 0
7625 0
7626 0
7627 0
7628 0
7629 0
7630 0
7631 0
7632 0
7633 0
7634 0
7635 0
7636 0
7637 0
7638 0
7639 0
7640 0
7641 0
7642 0
7643 0
7644 0
7645 0
7646 0
7647 0
7648 0
7649 0
7650 0
7651 0
7652 0
7653 0
7654 0
7655 0
7656 0
7657 0
7658 0
7659 0
7660 0
7661 0
7662 0
7663 0
7664 0
7665 0
7666 0
7667 0
7668 0
7669 0
7670 0
7671 0
7672 0
7673 0
7674 0
7675 0
7676 0
7677 0
7678 0
7679 0
7680 0
7681 0
7682 0
7683 0
7684 0
7685 0
7686 0
7687 0
7688 0
7689 0
7690 0
7691 0
7692 0
7693 0
7694 0
7695 0
7696 0
7697 0
7698 0
7699 0
7700 0
7701 0
7702 0
7703 0
7704 0
7705 0
7706 0
7707 0
7708 0
7709 0
7710 0
7711 0
7712 0
7713 0
7714 0
7715 0
7716 0
7717 0
7718 0
7719 0
7720 0
7721 0
7722 0
7723 0
7724 0
7725 0
7726 0
7727 0
7728 0
7729 0
7730 0
7731 0
7732 0
7733 0
7734 0
7735 0
7736 0
7737 0
7738 0
7739 0
7740 0
7741 0
7742 0
7743 0
7744 0
7745 0
7746 0
7747 0
7748 0
7749 0
7750 0
7751 0
7752 0
7753 0
7754 0
7755 0
7756 0
7757 0
7758 0
7759 0
7760 0
7761 0
7762 0
7763 0
7764 0
7765 0
7766 0
7767 0
7768 0
7769 0
7770 0
7771 0
7772 0
7773 0
7774 0
7775 0
7776 0
7777 0
7778 0
7779 0
7780 0
7781 0
7782 0
7783 0
7784 0
7785 0
7786 0
